0.002222 
-0.301111 
-0.390000 
-0.426667 
-0.454444 
-0.482222 
-0.495556 
-0.516667 
-0.524444 
-0.550000 
-0.581111 
-0.591111 
-0.578889 
-0.585556 
-0.591111 
-0.591111 
-0.585556 
-0.618889 
-0.621111 
-0.644444 
-0.655556 
-0.657778 
-0.664444 
-0.694444 
-0.695556 
-0.705556 
-0.722222 
-0.727778 
-0.733333 
-0.725556 
-0.710000 
-0.717778 
-0.734444 
-0.733333 
-0.744444 
-0.746667 
-0.757778 
-0.753333 
-0.768889 
-0.780000 
-0.802222 
-0.782222 
-0.785556 
-0.755556 
-0.775556 
-0.781111 
-0.772222 
-0.776667 
-0.791111 
-0.785556 
-0.776667 
-0.784444 
-0.813333 
-0.810000 
-0.817778 
-0.824444 
-0.827778 
-0.838889 
-0.838889 
-0.841111 
-0.825556 
-0.806667 
-0.796667 
-0.820000 
-0.811111 
-0.832222 
-0.822222 
-0.801111 
-0.837778 
-0.812222 
-0.795556 
-0.823333 
-0.827778 
-0.830000 
-0.807778 
-0.841111 
-0.827778 
-0.840000 
-0.851111 
-0.823333 
-0.833333 
-0.805556 
-0.808889 
-0.802222 
-0.827778 
-0.842222 
-0.848889 
-0.817778 
-0.832222 
-0.821111 
-0.834444 
-0.816667 
-0.831111 
-0.820000 
-0.836667 
-0.823333 
-0.858889 
-0.844444 
-0.861111 
-0.860000 
-0.864444 
-0.835556 
-0.837778 
-0.848889 
-0.854444 
-0.858889 
-0.866667 
-0.860000 
-0.857778 
-0.858889 
-0.850000 
-0.868889 
-0.863333 
-0.871111 
-0.853333 
-0.836667 
-0.842222 
-0.851111 
-0.851111 
-0.850000 
-0.838889 
-0.853333 
-0.874444 
-0.863333 
-0.865556 
-0.885556 
-0.875556 
-0.868889 
-0.877778 
-0.872222 
-0.875556 
-0.874444 
-0.862222 
-0.873333 
-0.881111 
-0.872222 
-0.866667 
-0.874444 
-0.872222 
-0.901111 
-0.905556 
-0.910000 
-0.890000 
-0.888889 
-0.890000 
-0.872222 
-0.885556 
-0.888889 
-0.887778 
-0.870000 
-0.863333 
-0.867778 
-0.877778 
-0.883333 
-0.892222 
-0.896667 
-0.888889 
-0.884444 
-0.886667 
-0.880000 
-0.881111 
-0.892222 
-0.887778 
-0.875556 
-0.883333 
-0.863333 
-0.864444 
-0.850000 
-0.848889 
-0.874444 
-0.878889 
-0.885556 
-0.881111 
-0.867778 
-0.867778 
-0.860000 
-0.884444 
-0.901111 
-0.921111 
-0.922222 
-0.922222 
-0.917778 
-0.902222 
-0.870000 
-0.885556 
-0.882222 
-0.894444 
-0.888889 
-0.903333 
-0.888889 
-0.891111 
-0.895556 
-0.908889 
-0.916667 
-0.911111 
-0.931111 
-0.921111 
-0.916667 
-0.910000 
-0.925556 
-0.914444 
-0.935556 
-0.927778 
-0.941111 
-0.936667 
-0.903333 
-0.925556 
-0.915556 
-0.941111 
-0.938889 
-0.946667 
-0.968889 
-0.962222 
-0.953333 
-0.952222 
-0.966667 
-0.960000 
-0.926667 
-0.927778 
-0.952222 
-0.956667 
-0.948889 
-0.955556 
-0.924444 
-0.952222 
-0.941111 
-0.927778 
-0.964444 
-0.973333 
-0.964444 
-0.955556 
-0.963333 
-0.941111 
-0.923333 
-0.928889 
-0.932222 
-0.932222 
-0.924444 
-0.926667 
-0.923333 
-0.911111 
-0.937778 
-0.933333 
-0.906667 
-0.901111 
-0.904444 
-0.928889 
-0.922222 
-0.917778 
-0.940000 
-0.935556 
-0.944444 
-0.913333 
-0.903333 
-0.913333 
-0.924444 
-0.921111 
-0.914444 
-0.900000 
-0.907778 
-0.888889 
-0.878889 
-0.885556 
-0.865556 
-0.875556 
-0.891111 
-0.881111 
-0.885556 
-0.891111 
-0.901111 
-0.900000 
-0.887778 
-0.896667 
-0.905556 
-0.912222 
-0.906667 
-0.915556 
-0.891111 
-0.875556 
-0.885556 
-0.900000 
-0.906667 
-0.904444 
-0.907778 
-0.908889 
-0.911111 
-0.915556 
-0.891111 
-0.887778 
-0.903333 
-0.913333 
-0.920000 
-0.936667 
-0.932222 
-0.936667 
-0.914444 
-0.914444 
-0.922222 
-0.902222 
-0.914444 
-0.917778 
-0.902222 
-0.910000 
-0.912222 
-0.930000 
-0.920000 
-0.912222 
-0.878889 
-0.910000 
-0.920000 
-0.931111 
-0.910000 
-0.903333 
-0.921111 
-0.926667 
-0.933333 
-0.943333 
-0.935556 
-0.924444 
-0.931111 
-0.917778 
-0.928889 
-0.952222 
-0.948889 
-0.943333 
-0.938889 
-0.946667 
-0.951111 
-0.951111 
-0.926667 
-0.927778 
-0.926667 
-0.936667 
-0.930000 
-0.927778 
-0.924444 
-0.924444 
-0.904444 
-0.885556 
-0.903333 
-0.908889 
-0.924444 
-0.927778 
-0.922222 
-0.908889 
-0.910000 
-0.912222 
-0.925556 
-0.914444 
-0.925556 
-0.937778 
-0.908889 
-0.913333 
-0.906667 
-0.913333 
-0.910000 
-0.931111 
-0.923333 
-0.905556 
-0.917778 
-0.928889 
-0.931111 
-0.932222 
-0.931111 
-0.941111 
-0.957778 
-0.944444 
-0.970000 
-0.954444 
-0.955556 
-0.950000 
-0.948889 
-0.935556 
-0.943333 
-0.945556 
-0.935556 
-0.938889 
-0.963333 
-0.943333 
-0.952222 
-0.931111 
-0.956667 
-0.963333 
-0.947778 
-0.953333 
-0.936667 
-0.963333 
-0.968889 
-0.995556 
-1.000000 
-0.994444 
-0.982222 
-0.978889 
-0.984444 
-0.977778 
-0.980000 
-0.975556 
-0.997778 
-1.003333 
-0.996667 
-0.988889 
-0.956667 
-0.972222 
-0.960000 
-0.980000 
-0.971111 
-0.972222 
-0.974444 
-0.954444 
-0.966667 
-0.982222 
-0.970000 
-0.978889 
-0.975556 
-0.990000 
-0.991111 
-1.003333 
-1.001111 
-0.981111 
-0.985556 
-0.985556 
-0.980000 
-0.975556 
-0.958889 
-0.978889 
-0.982222 
-0.976667 
-0.990000 
-0.970000 
-0.970000 
-0.965556 
-0.967778 
-0.988889 
-1.000000 
-1.006667 
-1.001111 
-1.001111 
-0.976667 
-0.981111 
-0.988889 
-0.976667 
-0.992222 
-0.977778 
-0.996667 
-1.018889 
-1.006667 
-1.007778 
-0.988889 
-0.993333 
-0.981111 
-1.012222 
-1.001111 
-1.005556 
-0.984444 
-0.981111 
-0.982222 
-0.971111 
-0.971111 
-0.972222 
-0.982222 
-0.977778 
-0.977778 
-1.003333 
-0.986667 
-0.973333 
-0.957778 
-0.943333 
-0.970000 
-0.965556 
-0.980000 
-0.984444 
-0.971111 
-0.981111 
-0.991111 
-0.987778 
-0.970000 
-0.976667 
-0.970000 
-0.966667 
-0.960000 
-0.987778 
-0.971111 
-0.993333 
-1.004444 
-1.015556 
-1.015556 
-1.026667 
-1.016667 
-1.016667 
-1.020000 
-1.018889 
-1.013333 
-1.031111 
-1.018889 
-1.024444 
-1.007778 
-1.013333 
-1.010000 
-1.010000 
-1.004444 
-1.000000 
-1.005556 
-1.005556 
-1.005556 
-1.012222 
-1.005556 
-1.007778 
-1.020000 
-1.014444 
-1.016667 
-1.007778 
-1.034444 
-1.015556 
-1.021111 
-1.000000 
-0.997778 
-0.980000 
-0.981111 
-0.966667 
-1.000000 
-0.991111 
-0.997778 
-0.995556 
-0.995556 
-0.985556 
-0.967778 
-0.988889 
-0.978889 
-0.977778 
-0.995556 
-0.974444 
-0.982222 
-1.000000 
-0.982222 
-1.000000 
-0.988889 
-1.012222 
-0.983333 
-1.007778 
-0.997778 
-0.962222 
-0.961111 
-0.983333 
-0.976667 
-0.960000 
-0.977778 
-0.984444 
-0.993333 
-0.987778 
-0.992222 
-0.985556 
-0.995556 
-0.987778 
-0.994444 
-0.981111 
-0.993333 
-0.991111 
-1.006667 
-1.012222 
-1.004444 
-0.985556 
-1.004444 
-0.990000 
-0.970000 
-1.003333 
-1.002222 
-1.000000 
-0.983333 
-0.971111 
-0.995556 
-0.981111 
-0.971111 
-0.965556 
-0.980000 
-0.981111 
-0.976667 
-0.987778 
-0.982222 
-0.987778 
-0.965556 
-0.953333 
-0.978889 
-1.012222 
-0.982222 
-0.983333 
-0.965556 
-0.990000 
-0.992222 
-1.015556 
-1.012222 
-1.015556 
-0.992222 
-0.994444 
-0.991111 
-1.002222 
-0.998889 
-0.976667 
-0.988889 
-0.976667 
-0.984444 
-1.006667 
-1.008889 
-1.020000 
-1.034444 
-1.016667 
-1.020000 
-1.015556 
-1.027778 
-1.022222 
-1.025556 
-1.015556 
-1.003333 
-1.008889 
-0.995556 
-0.993333 
-1.001111 
-0.985556 
-0.983333 
-0.973333 
-0.980000 
-0.970000 
-0.974444 
-1.001111 
-0.992222 
-0.980000 
-0.997778 
-0.986667 
-0.972222 
-1.004444 
-1.001111 
-0.984444 
-1.006667 
-0.984444 
-0.985556 
-0.980000 
-0.965556 
-0.993333 
-0.984444 
-0.960000 
-0.957778 
-0.961111 
-0.980000 
-0.981111 
-0.974444 
-0.980000 
-0.983333 
-0.993333 
-1.011111 
-1.001111 
-1.010000 
-1.010000 
-1.015556 
-1.008889 
-1.006667 
-1.012222 
-1.002222 
-0.985556 
-0.984444 
-1.003333 
-0.990000 
-0.981111 
-0.974444 
-0.997778 
-0.992222 
-0.993333 
-1.011111 
-1.006667 
-1.013333 
-1.018889 
-1.020000 
-1.033333 
-1.023333 
-1.010000 
-1.030000 
-1.033333 
-1.032222 
-1.031111 
-1.021111 
-1.023333 
-1.043333 
-1.041111 
-1.046667 
-1.035556 
-1.024444 
-1.028889 
-1.037778 
-1.045556 
-1.044444 
-1.037778 
-1.034444 
-1.038889 
-1.032222 
-1.035556 
-1.023333 
-1.041111 
-1.026667 
-1.027778 
-1.031111 
-1.028889 
-1.025556 
-1.032222 
-1.031111 
-1.038889 
-1.034444 
-1.022222 
-1.028889 
-1.036667 
-1.032222 
-1.037778 
-1.031111 
-1.033333 
-1.044444 
-1.024444 
-1.026667 
-1.033333 
-1.060000 
-1.031111 
-1.026667 
-1.051111 
-1.051111 
-1.040000 
-1.033333 
-1.034444 
-1.036667 
-1.058889 
-1.028889 
-1.027778 
-1.001111 
-1.018889 
-1.030000 
-1.022222 
-1.033333 
-1.041111 
-1.050000 
-1.043333 
-1.033333 
-1.022222 
-1.028889 
-1.036667 
-1.054444 
-1.041111 
-1.014444 
-1.011111 
-1.017778 
-1.044444 
-1.026667 
-1.038889 
-1.017778 
-1.026667 
-1.011111 
-1.023333 
-1.022222 
-1.036667 
-1.048889 
-1.031111 
-1.021111 
-1.033333 
-1.034444 
-1.048889 
-1.055556 
-1.055556 
-1.063333 
-1.067778 
-1.058889 
-1.040000 
-1.055556 
-1.051111 
-1.037778 
-1.056667 
-1.048889 
-1.038889 
-1.060000 
-1.070000 
-1.094444 
-1.055556 
-1.058889 
-1.048889 
-1.041111 
-1.043333 
-1.040000 
-1.028889 
-1.026667 
-1.032222 
-1.050000 
-1.063333 
-1.058889 
-1.058889 
-1.054444 
-1.053333 
-1.062222 
-1.035556 
-1.043333 
-1.050000 
-1.047778 
-1.063333 
-1.060000 
-1.031111 
-1.058889 
-1.041111 
-1.047778 
-1.047778 
-1.050000 
-1.046667 
-1.048889 
-1.044444 
-1.052222 
-1.053333 
-1.065556 
-1.073333 
-1.076667 
-1.061111 
-1.063333 
-1.067778 
-1.055556 
-1.081111 
-1.080000 
-1.073333 
-1.073333 
-1.072222 
-1.063333 
-1.077778 
-1.092222 
-1.104444 
-1.076667 
-1.095556 
-1.083333 
-1.083333 
-1.077778 
-1.098889 
-1.080000 
-1.067778 
-1.090000 
-1.085556 
-1.074444 
-1.067778 
-1.085556 
-1.087778 
-1.072222 
-1.068889 
-1.078889 
-1.080000 
-1.057778 
-1.068889 
-1.084444 
-1.065556 
-1.086667 
-1.061111 
-1.064444 
-1.091111 
-1.085556 
-1.073333 
-1.081111 
-1.064444 
-1.067778 
-1.045556 
-1.062222 
-1.075556 
-1.087778 
-1.073333 
-1.080000 
-1.077778 
-1.072222 
-1.066667 
-1.090000 
-1.088889 
-1.071111 
-1.071111 
-1.074444 
-1.074444 
-1.056667 
-1.050000 
-1.036667 
-1.052222 
-1.045556 
-1.041111 
-1.038889 
-1.040000 
-1.053333 
-1.044444 
-1.030000 
-1.031111 
-1.030000 
-1.035556 
-1.048889 
-1.055556 
-1.061111 
-1.073333 
-1.065556 
-1.054444 
-1.038889 
-1.044444 
-1.043333 
-1.056667 
-1.061111 
-1.031111 
-1.032222 
-1.028889 
-1.044444 
-1.047778 
-1.046667 
-1.070000 
-1.070000 
-1.047778 
-1.062222 
-1.033333 
-1.046667 
-1.063333 
-1.045556 
-1.036667 
-1.044444 
-1.054444 
-1.047778 
-1.045556 
-1.046667 
-1.044444 
-1.058889 
-1.080000 
-1.068889 
-1.066667 
-1.074444 
-1.082222 
-1.082222 
-1.078889 
-1.063333 
-1.046667 
-1.047778 
-1.072222 
-1.068889 
-1.065556 
-1.077778 
-1.073333 
-1.082222 
-1.052222 
-1.047778 
-1.034444 
-1.046667 
-1.052222 
-1.054444 
-1.053333 
-1.057778 
-1.040000 
-1.042222 
-1.021111 
-1.033333 
-1.044444 
-1.047778 
-1.042222 
-1.058889 
-1.063333 
-1.043333 
-1.063333 
-1.060000 
-1.061111 
-1.065556 
-1.063333 
-1.042222 
-1.043333 
-1.043333 
-1.050000 
-1.064444 
-1.094444 
-1.086667 
-1.085556 
-1.065556 
-1.071111 
-1.070000 
-1.068889 
-1.085556 
-1.072222 
-1.093333 
-1.103333 
-1.116667 
-1.097778 
-1.087778 
-1.088889 
-1.090000 
-1.115556 
-1.130000 
-1.111111 
-1.108889 
-1.114444 
-1.112222 
-1.110000 
-1.110000 
-1.118889 
-1.104444 
-1.087778 
-1.074444 
-1.096667 
-1.105556 
-1.120000 
-1.096667 
-1.104444 
-1.082222 
-1.070000 
-1.075556 
-1.086667 
-1.085556 
-1.100000 
-1.091111 
-1.077778 
-1.084444 
-1.092222 
-1.088889 
-1.101111 
-1.075556 
-1.098889 
-1.092222 
-1.096667 
-1.104444 
-1.105556 
-1.121111 
-1.107778 
-1.126667 
-1.115556 
-1.085556 
-1.094444 
-1.093333 
-1.103333 
-1.116667 
-1.115556 
-1.080000 
-1.103333 
-1.110000 
-1.096667 
-1.095556 
-1.107778 
-1.121111 
-1.132222 
-1.142222 
-1.115556 
-1.114444 
-1.132222 
-1.108889 
-1.088889 
-1.092222 
-1.077778 
-1.087778 
-1.082222 
-1.084444 
-1.071111 
-1.082222 
-1.066667 
-1.096667 
-1.085556 
-1.088889 
-1.084444 
-1.100000 
-1.103333 
-1.082222 
-1.084444 
-1.081111 
-1.085556 
-1.093333 
-1.096667 
-1.088889 
-1.083333 
-1.088889 
-1.078889 
-1.065556 
-1.067778 
-1.070000 
-1.052222 
-1.066667 
-1.073333 
-1.072222 
-1.074444 
-1.084444 
-1.093333 
-1.091111 
-1.083333 
-1.084444 
-1.093333 
-1.101111 
-1.096667 
-1.082222 
-1.080000 
-1.081111 
-1.083333 
-1.058889 
-1.071111 
-1.076667 
-1.044444 
-1.050000 
-1.063333 
-1.057778 
-1.060000 
-1.048889 
-1.032222 
-1.047778 
-1.044444 
-1.056667 
-1.062222 
-1.068889 
-1.054444 
-1.045556 
-1.060000 
-1.055556 
-1.065556 
-1.064444 
-1.047778 
-1.045556 
-1.062222 
-1.068889 
-1.045556 
-1.035556 
-1.060000 
-1.084444 
-1.078889 
-1.084444 
-1.072222 
-1.103333 
-1.092222 
-1.075556 
-1.078889 
-1.078889 
-1.082222 
-1.062222 
-1.070000 
-1.075556 
-1.072222 
-1.073333 
-1.062222 
-1.071111 
-1.082222 
-1.091111 
-1.097778 
-1.087778 
-1.104444 
-1.102222 
-1.103333 
-1.080000 
-1.055556 
-1.044444 
-1.062222 
-1.077778 
-1.068889 
-1.073333 
-1.084444 
-1.084444 
-1.086667 
-1.070000 
-1.073333 
-1.094444 
-1.066667 
-1.084444 
-1.086667 
-1.078889 
-1.082222 
-1.084444 
-1.093333 
-1.095556 
-1.090000 
-1.085556 
-1.077778 
-1.103333 
-1.085556 
-1.091111 
-1.087778 
-1.094444 
-1.097778 
-1.100000 
-1.100000 
-1.100000 
-1.084444 
-1.077778 
-1.083333 
-1.067778 
-1.054444 
-1.058889 
-1.067778 
-1.092222 
-1.098889 
-1.081111 
-1.095556 
-1.093333 
-1.102222 
-1.086667 
-1.075556 
-1.081111 
-1.073333 
-1.077778 
-1.075556 
-1.063333 
-1.062222 
-1.062222 
-1.088889 
-1.062222 
-1.075556 
-1.051111 
-1.037778 
-1.048889 
-1.051111 
-1.060000 
-1.060000 
-1.051111 
-1.054444 
-1.037778 
-1.040000 
-1.054444 
-1.066667 
-1.054444 
-1.060000 
-1.058889 
-1.052222 
-1.051111 
-1.047778 
-1.064444 
-1.076667 
-1.068889 
-1.084444 
-1.080000 
-1.068889 
-1.063333 
-1.060000 
-1.073333 
-1.044444 
-1.058889 
-1.071111 
-1.086667 
-1.081111 
-1.066667 
-1.054444 
-1.078889 
-1.083333 
-1.092222 
-1.094444 
-1.071111 
-1.078889 
-1.103333 
-1.103333 
-1.095556 
-1.087778 
-1.091111 
-1.060000 
-1.080000 
-1.080000 
-1.081111 
-1.082222 
-1.083333 
-1.071111 
-1.062222 
-1.067778 
-1.081111 
-1.065556 
-1.048889 
-1.062222 
-1.054444 
-1.064444 
-1.062222 
-1.065556 
-1.056667 
-1.048889 
-1.060000 
-1.066667 
-1.058889 
-1.087778 
-1.071111 
-1.087778 
-1.084444 
-1.073333 
-1.081111 
-1.064444 
-1.083333 
-1.066667 
-1.085556 
-1.081111 
-1.086667 
-1.063333 
-1.068889 
-1.065556 
-1.082222 
-1.076667 
-1.076667 
-1.058889 
-1.070000 
-1.083333 
-1.073333 
-1.052222 
-1.056667 
-1.055556 
-1.068889 
-1.057778 
-1.048889 
-1.066667 
-1.063333 
-1.037778 
-1.067778 
-1.061111 
-1.057778 
-1.056667 
-1.056667 
-1.052222 
-1.064444 
-1.083333 
-1.086667 
-1.063333 
-1.067778 
-1.076667 
-1.066667 
-1.075556 
-1.083333 
-1.062222 
-1.084444 
-1.098889 
-1.102222 
-1.086667 
-1.102222 
-1.096667 
-1.091111 
-1.094444 
-1.097778 
-1.074444 
-1.054444 
-1.064444 
-1.066667 
-1.067778 
-1.075556 
-1.074444 
-1.063333 
-1.094444 
-1.078889 
-1.083333 
-1.082222 
-1.072222 
-1.084444 
-1.078889 
-1.072222 
-1.065556 
-1.061111 
-1.068889 
-1.068889 
-1.070000 
-1.062222 
-1.058889 
-1.080000 
-1.073333 
-1.073333 
-1.091111 
-1.067778 
-1.076667 
-1.076667 
-1.065556 
-1.071111 
-1.082222 
-1.071111 
-1.094444 
-1.095556 
-1.090000 
-1.072222 
-1.081111 
-1.072222 
-1.077778 
-1.068889 
-1.070000 
-1.072222 
-1.095556 
-1.094444 
-1.081111 
-1.075556 
-1.064444 
-1.075556 
-1.073333 
-1.075556 
-1.078889 
-1.056667 
-1.063333 
-1.061111 
-1.061111 
-1.068889 
-1.090000 
-1.080000 
-1.066667 
-1.078889 
-1.071111 
-1.064444 
-1.070000 
-1.090000 
-1.074444 
-1.063333 
-1.068889 
-1.072222 
-1.061111 
-1.055556 
-1.061111 
-1.050000 
-1.044444 
-1.060000 
-1.051111 
-1.061111 
-1.065556 
-1.064444 
-1.061111 
-1.063333 
-1.064444 
-1.066667 
-1.073333 
-1.091111 
-1.087778 
-1.074444 
-1.076667 
-1.095556 
-1.096667 
-1.102222 
-1.113333 
-1.123333 
-1.100000 
-1.098889 
-1.106667 
-1.116667 
-1.113333 
-1.103333 
-1.091111 
-1.092222 
-1.074444 
-1.090000 
-1.086667 
-1.085556 
-1.082222 
-1.076667 
-1.076667 
-1.074444 
-1.078889 
-1.094444 
-1.097778 
-1.092222 
-1.096667 
-1.092222 
-1.092222 
-1.098889 
-1.096667 
-1.097778 
-1.102222 
-1.093333 
-1.105556 
-1.096667 
-1.095556 
-1.084444 
-1.085556 
-1.090000 
-1.104444 
-1.110000 
-1.087778 
-1.094444 
-1.102222 
-1.093333 
-1.081111 
-1.114444 
-1.096667 
-1.123333 
-1.114444 
-1.102222 
-1.093333 
-1.091111 
-1.097778 
-1.096667 
-1.096667 
-1.091111 
-1.093333 
-1.101111 
-1.115556 
-1.088889 
-1.088889 
-1.082222 
-1.101111 
-1.116667 
-1.086667 
-1.107778 
-1.143333 
-1.138889 
-1.124444 
-1.094444 
-1.117778 
-1.088889 
-1.104444 
-1.101111 
-1.102222 
-1.106667 
-1.102222 
-1.083333 
-1.093333 
-1.110000 
-1.100000 
-1.107778 
-1.102222 
-1.103333 
-1.093333 
-1.084444 
-1.097778 
-1.115556 
-1.103333 
-1.106667 
-1.104444 
-1.114444 
-1.110000 
-1.097778 
-1.083333 
-1.078889 
-1.091111 
-1.104444 
-1.121111 
-1.115556 
-1.120000 
-1.117778 
-1.111111 
-1.096667 
-1.108889 
-1.090000 
-1.094444 
-1.098889 
-1.106667 
-1.085556 
-1.092222 
-1.100000 
-1.085556 
-1.078889 
-1.077778 
-1.076667 
-1.088889 
-1.091111 
-1.095556 
-1.093333 
-1.086667 
-1.091111 
-1.078889 
-1.085556 
-1.093333 
-1.091111 
-1.104444 
-1.090000 
-1.090000 
-1.105556 
-1.113333 
-1.111111 
-1.116667 
-1.104444 
-1.093333 
-1.115556 
-1.094444 
-1.105556 
-1.124444 
-1.110000 
-1.112222 
-1.111111 
-1.097778 
-1.103333 
-1.097778 
-1.105556 
-1.100000 
-1.093333 
-1.105556 
-1.088889 
-1.083333 
-1.101111 
-1.102222 
-1.103333 
-1.102222 
-1.102222 
-1.095556 
-1.110000 
-1.122222 
-1.123333 
-1.128889 
-1.132222 
-1.125556 
-1.128889 
-1.142222 
-1.135556 
-1.150000 
-1.135556 
-1.124444 
-1.128889 
-1.144444 
-1.132222 
-1.116667 
-1.118889 
-1.128889 
-1.148889 
-1.162222 
-1.132222 
-1.135556 
-1.145556 
-1.117778 
-1.122222 
-1.124444 
-1.135556 
-1.115556 
-1.111111 
-1.124444 
-1.121111 
-1.120000 
-1.117778 
-1.084444 
-1.090000 
-1.111111 
-1.108889 
-1.124444 
-1.120000 
-1.118889 
-1.131111 
-1.131111 
-1.141111 
-1.124444 
-1.144444 
-1.142222 
-1.131111 
-1.135556 
-1.130000 
-1.136667 
-1.144444 
-1.120000 
-1.116667 
-1.091111 
-1.102222 
-1.095556 
-1.125556 
-1.101111 
-1.106667 
-1.112222 
-1.113333 
-1.114444 
-1.128889 
-1.127778 
-1.120000 
-1.118889 
-1.128889 
-1.140000 
-1.117778 
-1.121111 
-1.122222 
-1.105556 
-1.133333 
-1.117778 
-1.092222 
-1.087778 
-1.085556 
-1.096667 
-1.103333 
-1.123333 
-1.137778 
-1.131111 
-1.112222 
-1.118889 
-1.118889 
-1.120000 
-1.125556 
-1.127778 
-1.108889 
-1.134444 
-1.150000 
-1.140000 
-1.138889 
-1.143333 
-1.134444 
-1.124444 
-1.125556 
-1.118889 
-1.120000 
-1.115556 
-1.117778 
-1.132222 
-1.144444 
-1.133333 
-1.124444 
-1.138889 
-1.152222 
-1.136667 
-1.143333 
-1.134444 
-1.137778 
-1.107778 
-1.112222 
-1.115556 
-1.125556 
-1.110000 
-1.102222 
-1.107778 
-1.105556 
-1.086667 
-1.095556 
-1.090000 
-1.093333 
-1.107778 
-1.111111 
-1.131111 
-1.116667 
-1.103333 
-1.113333 
-1.094444 
-1.088889 
-1.094444 
-1.107778 
-1.111111 
-1.116667 
-1.108889 
-1.113333 
-1.088889 
-1.090000 
-1.083333 
-1.081111 
-1.085556 
-1.084444 
-1.084444 
-1.096667 
-1.087778 
-1.097778 
-1.060000 
-1.081111 
-1.094444 
-1.106667 
-1.103333 
-1.106667 
-1.102222 
-1.091111 
-1.098889 
-1.110000 
-1.094444 
-1.086667 
-1.080000 
-1.092222 
-1.077778 
-1.075556 
-1.074444 
-1.096667 
-1.107778 
-1.106667 
-1.118889 
-1.123333 
-1.117778 
-1.124444 
-1.114444 
-1.137778 
-1.128889 
-1.143333 
-1.144444 
-1.137778 
-1.132222 
-1.144444 
-1.131111 
-1.141111 
-1.133333 
-1.131111 
-1.120000 
-1.127778 
-1.117778 
-1.132222 
-1.141111 
-1.141111 
-1.135556 
-1.127778 
-1.142222 
-1.143333 
-1.135556 
-1.138889 
-1.134444 
-1.128889 
-1.137778 
-1.151111 
-1.128889 
-1.145556 
-1.134444 
-1.135556 
-1.128889 
-1.124444 
-1.118889 
-1.108889 
-1.080000 
-1.084444 
-1.102222 
-1.093333 
-1.085556 
-1.077778 
-1.110000 
-1.103333 
-1.118889 
-1.105556 
-1.107778 
-1.102222 
-1.116667 
-1.100000 
-1.114444 
-1.114444 
-1.103333 
-1.084444 
-1.094444 
-1.112222 
-1.116667 
-1.100000 
-1.098889 
-1.095556 
-1.100000 
-1.098889 
-1.101111 
-1.092222 
-1.107778 
-1.112222 
-1.118889 
-1.127778 
-1.112222 
-1.113333 
-1.115556 
-1.115556 
-1.117778 
-1.118889 
-1.122222 
-1.106667 
-1.107778 
-1.105556 
-1.107778 
-1.112222 
-1.096667 
-1.103333 
-1.086667 
-1.101111 
-1.094444 
-1.091111 
-1.080000 
-1.086667 
-1.082222 
-1.065556 
-1.066667 
-1.073333 
-1.043333 
-1.044444 
-1.057778 
-1.063333 
-1.083333 
-1.077778 
-1.083333 
-1.086667 
-1.086667 
-1.090000 
-1.080000 
-1.088889 
-1.087778 
-1.098889 
-1.115556 
-1.104444 
-1.098889 
-1.096667 
-1.115556 
-1.116667 
-1.117778 
-1.118889 
-1.124444 
-1.123333 
-1.115556 
-1.117778 
-1.093333 
-1.111111 
-1.097778 
-1.101111 
-1.090000 
-1.093333 
-1.092222 
-1.087778 
-1.101111 
-1.123333 
-1.103333 
-1.082222 
-1.087778 
-1.092222 
-1.076667 
-1.096667 
-1.092222 
-1.077778 
-1.116667 
-1.116667 
-1.116667 
-1.114444 
-1.097778 
-1.113333 
-1.107778 
-1.104444 
-1.108889 
-1.116667 
-1.106667 
-1.090000 
-1.083333 
-1.076667 
-1.080000 
-1.084444 
-1.113333 
-1.108889 
-1.095556 
-1.098889 
-1.120000 
-1.123333 
-1.103333 
-1.100000 
-1.123333 
-1.117778 
-1.127778 
-1.141111 
-1.138889 
-1.137778 
-1.132222 
-1.113333 
-1.113333 
-1.114444 
-1.100000 
-1.101111 
-1.095556 
-1.118889 
-1.122222 
-1.108889 
-1.107778 
-1.112222 
-1.115556 
-1.115556 
-1.114444 
-1.123333 
-1.124444 
-1.108889 
-1.103333 
-1.088889 
-1.101111 
-1.101111 
-1.084444 
-1.072222 
-1.090000 
-1.083333 
-1.100000 
-1.106667 
-1.105556 
-1.097778 
-1.090000 
-1.104444 
-1.120000 
-1.114444 
-1.121111 
-1.132222 
-1.135556 
-1.141111 
-1.131111 
-1.132222 
-1.145556 
-1.130000 
-1.132222 
-1.141111 
-1.133333 
-1.127778 
-1.118889 
-1.107778 
-1.117778 
-1.104444 
-1.107778 
-1.107778 
-1.125556 
-1.118889 
-1.118889 
-1.100000 
-1.102222 
-1.097778 
-1.104444 
-1.104444 
-1.110000 
-1.095556 
-1.108889 
-1.093333 
-1.103333 
-1.100000 
-1.098889 
-1.086667 
-1.110000 
-1.097778 
-1.110000 
-1.116667 
-1.110000 
-1.105556 
-1.107778 
-1.106667 
-1.107778 
-1.106667 
-1.097778 
-1.112222 
-1.117778 
-1.112222 
-1.125556 
-1.131111 
-1.126667 
-1.122222 
-1.131111 
-1.117778 
-1.127778 
-1.117778 
-1.110000 
-1.121111 
-1.126667 
-1.120000 
-1.115556 
-1.120000 
-1.130000 
-1.131111 
-1.125556 
-1.127778 
-1.127778 
-1.138889 
-1.126667 
-1.127778 
-1.144444 
-1.118889 
-1.112222 
-1.101111 
-1.126667 
-1.118889 
-1.113333 
-1.110000 
-1.088889 
-1.057778 
-1.080000 
-1.076667 
-1.094444 
-1.112222 
-1.122222 
-1.105556 
-1.120000 
-1.121111 
-1.123333 
-1.132222 
-1.123333 
-1.102222 
-1.126667 
-1.118889 
-1.127778 
-1.132222 
-1.147778 
-1.153333 
-1.141111 
-1.150000 
-1.151111 
-1.146667 
-1.150000 
-1.145556 
-1.148889 
-1.147778 
-1.144444 
-1.150000 
-1.151111 
-1.150000 
-1.155556 
-1.138889 
-1.148889 
-1.131111 
-1.124444 
-1.124444 
-1.114444 
-1.118889 
-1.120000 
-1.133333 
-1.121111 
-1.117778 
-1.132222 
-1.132222 
-1.140000 
-1.116667 
-1.115556 
-1.127778 
-1.130000 
-1.123333 
-1.124444 
-1.120000 
-1.112222 
-1.112222 
-1.104444 
-1.106667 
-1.118889 
-1.117778 
-1.123333 
-1.122222 
-1.121111 
-1.107778 
-1.095556 
-1.116667 
-1.126667 
-1.132222 
-1.124444 
-1.140000 
-1.140000 
-1.153333 
-1.152222 
-1.146667 
-1.143333 
-1.125556 
-1.118889 
-1.131111 
-1.133333 
-1.134444 
-1.127778 
-1.115556 
-1.117778 
-1.128889 
-1.142222 
-1.125556 
-1.134444 
-1.153333 
-1.144444 
-1.145556 
-1.141111 
-1.138889 
-1.146667 
-1.150000 
-1.146667 
-1.133333 
-1.126667 
-1.116667 
-1.114444 
-1.114444 
-1.128889 
-1.117778 
-1.128889 
-1.122222 
-1.124444 
-1.127778 
-1.115556 
-1.124444 
-1.124444 
-1.140000 
-1.128889 
-1.122222 
-1.116667 
-1.126667 
-1.122222 
-1.135556 
-1.144444 
-1.137778 
-1.145556 
-1.128889 
-1.130000 
-1.137778 
-1.164444 
-1.160000 
-1.150000 
-1.132222 
-1.134444 
-1.137778 
-1.126667 
-1.153333 
-1.117778 
-1.105556 
-1.117778 
-1.111111 
-1.124444 
-1.142222 
-1.143333 
-1.127778 
-1.118889 
-1.138889 
-1.148889 
-1.137778 
-1.146667 
-1.143333 
-1.123333 
-1.113333 
-1.124444 
-1.122222 
-1.116667 
-1.125556 
-1.113333 
-1.107778 
-1.101111 
-1.094444 
-1.098889 
-1.115556 
-1.123333 
-1.097778 
-1.103333 
-1.107778 
-1.096667 
-1.097778 
-1.078889 
-1.082222 
-1.092222 
-1.102222 
-1.116667 
-1.112222 
-1.112222 
-1.116667 
-1.126667 
-1.127778 
-1.133333 
-1.121111 
-1.125556 
-1.112222 
-1.124444 
-1.102222 
-1.097778 
-1.110000 
-1.108889 
-1.117778 
-1.111111 
-1.105556 
-1.088889 
-1.080000 
-1.096667 
-1.080000 
-1.085556 
-1.102222 
-1.095556 
-1.086667 
-1.081111 
-1.082222 
-1.090000 
-1.090000 
-1.085556 
-1.104444 
-1.107778 
-1.120000 
-1.118889 
-1.120000 
-1.136667 
-1.132222 
-1.107778 
-1.104444 
-1.107778 
-1.121111 
-1.124444 
-1.132222 
-1.105556 
-1.114444 
-1.094444 
-1.105556 
-1.095556 
-1.092222 
-1.101111 
-1.101111 
-1.115556 
-1.103333 
-1.116667 
-1.114444 
-1.100000 
-1.087778 
-1.097778 
-1.106667 
-1.112222 
-1.103333 
-1.102222 
-1.095556 
-1.108889 
-1.097778 
-1.104444 
-1.090000 
-1.117778 
-1.108889 
-1.086667 
-1.084444 
-1.073333 
-1.078889 
-1.097778 
-1.091111 
-1.091111 
-1.095556 
-1.097778 
-1.092222 
-1.088889 
-1.105556 
-1.118889 
-1.091111 
-1.111111 
-1.083333 
-1.067778 
-1.047778 
-1.050000 
-1.054444 
-1.087778 
-1.054444 
-1.066667 
-1.088889 
-1.077778 
-1.088889 
-1.088889 
-1.074444 
-1.087778 
-1.084444 
-1.077778 
-1.087778 
-1.077778 
-1.105556 
-1.102222 
-1.096667 
-1.094444 
-1.093333 
-1.105556 
-1.111111 
-1.111111 
-1.104444 
-1.083333 
-1.096667 
-1.085556 
-1.096667 
-1.075556 
-1.072222 
-1.085556 
-1.074444 
-1.076667 
-1.080000 
-1.087778 
-1.080000 
-1.052222 
-1.075556 
-1.082222 
-1.078889 
-1.065556 
-1.063333 
-1.048889 
-1.053333 
-1.040000 
-1.037778 
-1.047778 
-1.063333 
-1.054444 
-1.052222 
-1.045556 
-1.056667 
-1.064444 
-1.048889 
-1.050000 
-1.042222 
-1.051111 
-1.064444 
-1.063333 
-1.072222 
-1.070000 
-1.068889 
-1.057778 
-1.051111 
-1.041111 
-1.030000 
-1.037778 
-1.044444 
-1.054444 
-1.060000 
-1.063333 
-1.067778 
-1.086667 
-1.070000 
-1.081111 
-1.062222 
-1.041111 
-1.051111 
-1.077778 
-1.080000 
-1.084444 
-1.093333 
-1.098889 
-1.091111 
-1.098889 
-1.083333 
-1.087778 
-1.088889 
-1.083333 
-1.074444 
-1.073333 
-1.050000 
-1.051111 
-1.074444 
-1.051111 
-1.030000 
-1.034444 
-1.027778 
-1.044444 
-1.043333 
-1.052222 
-1.060000 
-1.056667 
-1.038889 
-1.060000 
-1.065556 
-1.060000 
-1.058889 
-1.046667 
-1.056667 
-1.072222 
-1.082222 
-1.072222 
-1.066667 
-1.070000 
-1.068889 
-1.057778 
-1.061111 
-1.071111 
-1.073333 
-1.072222 
-1.072222 
-1.075556 
-1.060000 
-1.062222 
-1.053333 
-1.057778 
-1.074444 
-1.075556 
-1.080000 
-1.086667 
-1.092222 
-1.096667 
-1.087778 
-1.092222 
-1.084444 
-1.103333 
-1.104444 
-1.100000 
-1.100000 
-1.111111 
-1.115556 
-1.107778 
-1.108889 
-1.090000 
-1.077778 
-1.080000 
-1.060000 
-1.068889 
-1.075556 
-1.064444 
-1.076667 
-1.072222 
-1.084444 
-1.068889 
-1.096667 
-1.092222 
-1.068889 
-1.082222 
-1.092222 
-1.077778 
-1.086667 
-1.076667 
-1.067778 
-1.057778 
-1.077778 
-1.073333 
-1.102222 
-1.101111 
-1.083333 
-1.087778 
-1.083333 
-1.096667 
-1.101111 
-1.101111 
-1.095556 
-1.094444 
-1.074444 
-1.073333 
-1.077778 
-1.072222 
-1.080000 
-1.080000 
-1.074444 
-1.073333 
-1.061111 
-1.074444 
-1.065556 
-1.073333 
-1.083333 
-1.086667 
-1.100000 
-1.090000 
-1.068889 
-1.083333 
-1.073333 
-1.102222 
-1.104444 
-1.111111 
-1.117778 
-1.107778 
-1.102222 
-1.095556 
-1.067778 
-1.103333 
-1.064444 
-1.081111 
-1.076667 
-1.077778 
-1.067778 
-1.055556 
-1.083333 
-1.093333 
-1.073333 
-1.078889 
-1.081111 
-1.065556 
-1.082222 
-1.082222 
-1.080000 
-1.068889 
-1.096667 
-1.100000 
-1.087778 
-1.093333 
-1.088889 
-1.068889 
-1.072222 
-1.060000 
-1.090000 
-1.083333 
-1.088889 
-1.108889 
-1.117778 
-1.095556 
-1.094444 
-1.104444 
-1.085556 
-1.090000 
-1.086667 
-1.087778 
-1.074444 
-1.093333 
-1.082222 
-1.074444 
-1.087778 
-1.087778 
-1.082222 
-1.105556 
-1.095556 
-1.110000 
-1.100000 
-1.100000 
-1.102222 
-1.102222 
-1.092222 
-1.091111 
-1.085556 
-1.077778 
-1.076667 
-1.073333 
-1.080000 
-1.078889 
-1.088889 
-1.074444 
-1.057778 
-1.073333 
-1.087778 
-1.068889 
-1.070000 
-1.072222 
-1.091111 
-1.102222 
-1.100000 
-1.112222 
-1.127778 
-1.115556 
-1.105556 
-1.098889 
-1.116667 
-1.106667 
-1.091111 
-1.103333 
-1.106667 
-1.085556 
-1.088889 
-1.081111 
-1.106667 
-1.084444 
-1.088889 
-1.090000 
-1.082222 
-1.075556 
-1.098889 
-1.080000 
-1.088889 
-1.080000 
-1.092222 
-1.090000 
-1.090000 
-1.102222 
-1.081111 
-1.064444 
-1.070000 
-1.071111 
-1.077778 
-1.076667 
-1.075556 
-1.083333 
-1.094444 
-1.093333 
-1.106667 
-1.106667 
-1.105556 
-1.115556 
-1.108889 
-1.113333 
-1.100000 
-1.098889 
-1.096667 
-1.092222 
-1.100000 
-1.120000 
-1.113333 
-1.108889 
-1.098889 
-1.076667 
-1.100000 
-1.101111 
-1.115556 
-1.106667 
-1.105556 
-1.103333 
-1.082222 
-1.077778 
-1.077778 
-1.094444 
-1.112222 
-1.105556 
-1.095556 
-1.078889 
-1.092222 
-1.105556 
-1.105556 
-1.107778 
-1.113333 
-1.104444 
-1.120000 
-1.102222 
-1.114444 
-1.097778 
-1.113333 
-1.123333 
-1.118889 
-1.112222 
-1.127778 
-1.111111 
-1.131111 
-1.132222 
-1.127778 
-1.135556 
-1.138889 
-1.150000 
-1.152222 
-1.143333 
-1.138889 
-1.144444 
-1.147778 
-1.141111 
-1.150000 
-1.152222 
-1.160000 
-1.151111 
-1.162222 
-1.148889 
-1.161111 
-1.147778 
-1.157778 
-1.152222 
-1.134444 
-1.144444 
-1.138889 
-1.121111 
-1.135556 
-1.125556 
-1.133333 
-1.136667 
-1.151111 
-1.158889 
-1.142222 
-1.145556 
-1.136667 
-1.124444 
-1.122222 
-1.124444 
-1.123333 
-1.114444 
-1.131111 
-1.132222 
-1.127778 
-1.122222 
-1.121111 
-1.135556 
-1.115556 
-1.117778 
-1.123333 
-1.128889 
-1.127778 
-1.133333 
-1.151111 
-1.135556 
-1.131111 
-1.142222 
-1.137778 
-1.125556 
-1.107778 
-1.140000 
-1.141111 
-1.125556 
-1.150000 
-1.152222 
-1.158889 
-1.152222 
-1.156667 
-1.150000 
-1.137778 
-1.128889 
-1.121111 
-1.115556 
-1.106667 
-1.111111 
-1.105556 
-1.104444 
-1.111111 
-1.116667 
-1.112222 
-1.112222 
-1.111111 
-1.113333 
-1.116667 
-1.108889 
-1.117778 
-1.118889 
-1.096667 
-1.103333 
-1.102222 
-1.094444 
-1.110000 
-1.131111 
-1.128889 
-1.116667 
-1.120000 
-1.112222 
-1.125556 
-1.126667 
-1.127778 
-1.135556 
-1.126667 
-1.127778 
-1.127778 
-1.125556 
-1.103333 
-1.113333 
-1.125556 
-1.110000 
-1.110000 
-1.118889 
-1.118889 
-1.133333 
-1.148889 
-1.160000 
-1.168889 
-1.161111 
-1.154444 
-1.157778 
-1.152222 
-1.154444 
-1.124444 
-1.132222 
-1.138889 
-1.154444 
-1.166667 
-1.167778 
-1.164444 
-1.154444 
-1.145556 
-1.168889 
-1.172222 
-1.172222 
-1.167778 
-1.171111 
-1.175556 
-1.157778 
-1.162222 
-1.158889 
-1.145556 
-1.135556 
-1.151111 
-1.155556 
-1.146667 
-1.150000 
-1.165556 
-1.160000 
-1.165556 
-1.173333 
-1.170000 
-1.176667 
-1.182222 
-1.175556 
-1.163333 
-1.154444 
-1.162222 
-1.152222 
-1.171111 
-1.147778 
-1.164444 
-1.158889 
-1.157778 
-1.156667 
-1.157778 
-1.146667 
-1.152222 
-1.161111 
-1.160000 
-1.143333 
-1.168889 
-1.158889 
-1.161111 
-1.172222 
-1.176667 
-1.174444 
-1.172222 
-1.150000 
-1.151111 
-1.158889 
-1.145556 
-1.160000 
-1.161111 
-1.161111 
-1.157778 
-1.153333 
-1.158889 
-1.171111 
-1.176667 
-1.173333 
-1.167778 
-1.168889 
-1.160000 
-1.181111 
-1.161111 
-1.165556 
-1.164444 
-1.185556 
-1.181111 
-1.180000 
-1.182222 
-1.172222 
-1.165556 
-1.180000 
-1.174444 
-1.173333 
-1.180000 
-1.181111 
-1.185556 
-1.173333 
-1.181111 
-1.180000 
-1.156667 
-1.151111 
-1.168889 
-1.176667 
-1.175556 
-1.180000 
-1.165556 
-1.166667 
-1.177778 
-1.165556 
-1.173333 
-1.186667 
-1.173333 
-1.178889 
-1.174444 
-1.172222 
-1.166667 
-1.166667 
-1.172222 
-1.181111 
-1.167778 
-1.177778 
-1.171111 
-1.173333 
-1.162222 
-1.162222 
-1.168889 
-1.163333 
-1.174444 
-1.187778 
-1.164444 
-1.172222 
-1.175556 
-1.168889 
-1.174444 
-1.173333 
-1.156667 
-1.162222 
-1.177778 
-1.170000 
-1.176667 
-1.173333 
-1.171111 
-1.161111 
-1.156667 
-1.162222 
-1.156667 
-1.162222 
-1.153333 
-1.158889 
-1.161111 
-1.165556 
-1.171111 
-1.160000 
-1.161111 
-1.167778 
-1.153333 
-1.135556 
-1.134444 
-1.151111 
-1.143333 
-1.161111 
-1.160000 
-1.145556 
-1.151111 
-1.122222 
-1.112222 
-1.115556 
-1.135556 
-1.145556 
-1.151111 
-1.130000 
-1.138889 
-1.145556 
-1.151111 
-1.137778 
-1.141111 
-1.145556 
-1.157778 
-1.154444 
-1.152222 
-1.160000 
-1.161111 
-1.133333 
-1.134444 
-1.126667 
-1.148889 
-1.136667 
-1.140000 
-1.137778 
-1.158889 
-1.140000 
-1.167778 
-1.158889 
-1.164444 
-1.151111 
-1.154444 
-1.154444 
-1.168889 
-1.155556 
-1.165556 
-1.187778 
-1.165556 
-1.157778 
-1.148889 
-1.162222 
-1.162222 
-1.148889 
-1.155556 
-1.158889 
-1.155556 
-1.162222 
-1.147778 
-1.156667 
-1.162222 
-1.154444 
-1.142222 
-1.130000 
-1.146667 
-1.171111 
-1.177778 
-1.180000 
-1.180000 
-1.174444 
-1.153333 
-1.185556 
-1.185556 
-1.167778 
-1.161111 
-1.167778 
-1.151111 
-1.167778 
-1.177778 
-1.165556 
-1.170000 
-1.161111 
-1.160000 
-1.161111 
-1.158889 
-1.155556 
-1.144444 
-1.158889 
-1.153333 
-1.148889 
-1.152222 
-1.146667 
-1.145556 
-1.146667 
-1.136667 
-1.140000 
-1.136667 
-1.130000 
-1.132222 
-1.136667 
-1.154444 
-1.148889 
-1.152222 
-1.158889 
-1.151111 
-1.157778 
-1.176667 
-1.157778 
-1.170000 
-1.178889 
-1.170000 
-1.155556 
-1.170000 
-1.158889 
-1.166667 
-1.168889 
-1.171111 
-1.175556 
-1.181111 
-1.182222 
-1.190000 
-1.187778 
-1.192222 
-1.173333 
-1.184444 
-1.183333 
-1.183333 
-1.181111 
-1.193333 
-1.185556 
-1.190000 
-1.188889 
-1.181111 
-1.182222 
-1.181111 
-1.173333 
-1.178889 
-1.176667 
-1.194444 
-1.176667 
-1.193333 
-1.184444 
-1.186667 
-1.182222 
-1.175556 
-1.157778 
-1.160000 
-1.161111 
-1.160000 
-1.156667 
-1.154444 
-1.165556 
-1.172222 
-1.156667 
-1.173333 
-1.172222 
-1.187778 
-1.180000 
-1.191111 
-1.171111 
-1.150000 
-1.164444 
-1.163333 
-1.153333 
-1.152222 
-1.146667 
-1.156667 
-1.145556 
-1.134444 
-1.142222 
-1.150000 
-1.166667 
-1.157778 
-1.164444 
-1.152222 
-1.125556 
-1.141111 
-1.136667 
-1.136667 
-1.147778 
-1.146667 
-1.162222 
-1.158889 
-1.156667 
-1.157778 
-1.162222 
-1.158889 
-1.160000 
-1.144444 
-1.146667 
-1.151111 
-1.141111 
-1.150000 
-1.171111 
-1.162222 
-1.151111 
-1.142222 
-1.160000 
-1.138889 
-1.152222 
-1.158889 
-1.152222 
-1.147778 
-1.141111 
-1.158889 
-1.171111 
-1.171111 
-1.164444 
-1.154444 
-1.151111 
-1.153333 
-1.146667 
-1.160000 
-1.157778 
-1.132222 
-1.126667 
-1.137778 
-1.138889 
-1.138889 
-1.157778 
-1.166667 
-1.166667 
-1.167778 
-1.167778 
-1.166667 
-1.166667 
-1.167778 
-1.177778 
-1.177778 
-1.153333 
-1.166667 
-1.164444 
-1.143333 
-1.131111 
-1.143333 
-1.156667 
-1.184444 
-1.181111 
-1.185556 
-1.170000 
-1.185556 
-1.172222 
-1.187778 
-1.186667 
-1.174444 
-1.166667 
-1.171111 
-1.158889 
-1.184444 
-1.168889 
-1.166667 
-1.165556 
-1.153333 
-1.167778 
-1.165556 
-1.166667 
-1.185556 
-1.166667 
-1.155556 
-1.157778 
-1.137778 
-1.158889 
-1.162222 
-1.156667 
-1.143333 
-1.161111 
-1.163333 
-1.158889 
-1.181111 
-1.173333 
-1.173333 
-1.147778 
-1.122222 
-1.143333 
-1.144444 
-1.141111 
-1.137778 
-1.141111 
-1.132222 
-1.142222 
-1.153333 
-1.127778 
-1.145556 
-1.132222 
-1.148889 
-1.148889 
-1.144444 
-1.156667 
-1.128889 
-1.134444 
-1.144444 
-1.146667 
-1.144444 
-1.128889 
-1.128889 
-1.122222 
-1.141111 
-1.137778 
-1.134444 
-1.124444 
-1.131111 
-1.131111 
-1.138889 
-1.117778 
-1.135556 
-1.135556 
-1.142222 
-1.146667 
-1.146667 
-1.142222 
-1.138889 
-1.137778 
-1.120000 
-1.103333 
-1.116667 
-1.123333 
-1.116667 
-1.106667 
-1.120000 
-1.111111 
-1.116667 
-1.108889 
-1.118889 
-1.137778 
-1.136667 
-1.135556 
-1.138889 
-1.118889 
-1.105556 
-1.122222 
-1.126667 
-1.123333 
-1.130000 
-1.136667 
-1.135556 
-1.135556 
-1.135556 
-1.135556 
-1.137778 
-1.148889 
-1.135556 
-1.143333 
-1.158889 
-1.153333 
-1.172222 
-1.158889 
-1.168889 
-1.165556 
-1.140000 
-1.155556 
-1.161111 
-1.156667 
-1.153333 
-1.166667 
-1.163333 
-1.153333 
-1.151111 
-1.143333 
-1.143333 
-1.146667 
-1.122222 
-1.142222 
-1.163333 
-1.166667 
-1.164444 
-1.171111 
-1.171111 
-1.171111 
-1.157778 
-1.162222 
-1.161111 
-1.162222 
-1.157778 
-1.171111 
-1.173333 
-1.170000 
-1.163333 
-1.155556 
-1.142222 
-1.142222 
-1.155556 
-1.152222 
-1.148889 
-1.154444 
-1.153333 
-1.148889 
-1.128889 
-1.146667 
-1.161111 
-1.152222 
-1.144444 
-1.144444 
-1.156667 
-1.146667 
-1.153333 
-1.143333 
-1.152222 
-1.160000 
-1.152222 
-1.156667 
-1.151111 
-1.178889 
-1.170000 
-1.177778 
-1.178889 
-1.171111 
-1.172222 
-1.172222 
-1.178889 
-1.172222 
-1.168889 
-1.164444 
-1.170000 
-1.155556 
-1.167778 
-1.165556 
-1.161111 
-1.168889 
-1.160000 
-1.162222 
-1.170000 
-1.166667 
-1.176667 
-1.161111 
-1.172222 
-1.160000 
-1.170000 
-1.174444 
-1.156667 
-1.174444 
-1.185556 
-1.175556 
-1.180000 
-1.182222 
-1.195556 
-1.177778 
-1.174444 
-1.174444 
-1.185556 
-1.194444 
-1.177778 
-1.170000 
-1.176667 
-1.164444 
-1.160000 
-1.162222 
-1.177778 
-1.178889 
-1.182222 
-1.176667 
-1.191111 
-1.181111 
-1.191111 
-1.191111 
-1.176667 
-1.171111 
-1.200000 
-1.182222 
-1.175556 
-1.178889 
-1.187778 
-1.183333 
-1.184444 
-1.163333 
-1.153333 
-1.164444 
-1.171111 
-1.181111 
-1.171111 
-1.173333 
-1.178889 
-1.162222 
-1.154444 
-1.175556 
-1.180000 
-1.193333 
-1.198889 
-1.190000 
-1.176667 
-1.175556 
-1.178889 
-1.175556 
-1.158889 
-1.175556 
-1.206667 
-1.215556 
-1.218889 
-1.221111 
-1.217778 
-1.208889 
-1.210000 
-1.210000 
-1.207778 
-1.206667 
-1.198889 
-1.200000 
-1.190000 
-1.200000 
-1.214444 
-1.205556 
-1.203333 
-1.212222 
-1.217778 
-1.207778 
-1.218889 
-1.208889 
-1.192222 
-1.207778 
-1.218889 
-1.210000 
-1.234444 
-1.236667 
-1.236667 
-1.226667 
-1.238889 
-1.243333 
-1.212222 
-1.212222 
-1.222222 
-1.211111 
-1.233333 
-1.227778 
-1.212222 
-1.213333 
-1.223333 
-1.224444 
-1.231111 
-1.253333 
-1.248889 
-1.266667 
-1.257778 
-1.230000 
-1.245556 
-1.234444 
-1.225556 
-1.238889 
-1.227778 
-1.235556 
-1.235556 
-1.230000 
-1.215556 
-1.207778 
-1.208889 
-1.215556 
-1.212222 
-1.204444 
-1.204444 
-1.208889 
-1.232222 
-1.227778 
-1.242222 
-1.243333 
-1.243333 
-1.221111 
-1.227778 
-1.228889 
-1.235556 
-1.232222 
-1.206667 
-1.212222 
-1.206667 
-1.194444 
-1.193333 
-1.203333 
-1.200000 
-1.195556 
-1.193333 
-1.211111 
-1.214444 
-1.210000 
-1.206667 
-1.185556 
-1.193333 
-1.197778 
-1.200000 
-1.200000 
-1.206667 
-1.197778 
-1.201111 
-1.180000 
-1.170000 
-1.164444 
-1.165556 
-1.154444 
-1.146667 
-1.155556 
-1.187778 
-1.178889 
-1.185556 
-1.194444 
-1.192222 
-1.216667 
-1.207778 
-1.198889 
-1.200000 
-1.201111 
-1.193333 
-1.201111 
-1.202222 
-1.208889 
-1.215556 
-1.218889 
-1.227778 
-1.222222 
-1.208889 
-1.212222 
-1.196667 
-1.213333 
-1.217778 
-1.213333 
-1.203333 
-1.214444 
-1.201111 
-1.205556 
-1.203333 
-1.211111 
-1.186667 
-1.182222 
-1.202222 
-1.212222 
-1.206667 
-1.187778 
-1.185556 
-1.182222 
-1.187778 
-1.185556 
-1.191111 
-1.181111 
-1.206667 
-1.203333 
-1.208889 
-1.193333 
-1.195556 
-1.214444 
-1.206667 
-1.205556 
-1.211111 
-1.230000 
-1.241111 
-1.231111 
-1.227778 
-1.213333 
-1.202222 
-1.196667 
-1.203333 
-1.198889 
-1.195556 
-1.194444 
-1.215556 
-1.213333 
-1.197778 
-1.205556 
-1.190000 
-1.200000 
-1.200000 
-1.193333 
-1.207778 
-1.186667 
-1.192222 
-1.198889 
-1.202222 
-1.194444 
-1.184444 
-1.173333 
-1.183333 
-1.167778 
-1.175556 
-1.188889 
-1.193333 
-1.192222 
-1.204444 
-1.218889 
-1.218889 
-1.204444 
-1.190000 
-1.196667 
-1.171111 
-1.153333 
-1.167778 
-1.171111 
-1.173333 
-1.186667 
-1.191111 
-1.180000 
-1.180000 
-1.180000 
-1.157778 
-1.194444 
-1.193333 
-1.197778 
-1.192222 
-1.190000 
-1.170000 
-1.173333 
-1.161111 
-1.170000 
-1.165556 
-1.176667 
-1.184444 
-1.185556 
-1.183333 
-1.181111 
-1.185556 
-1.192222 
-1.182222 
-1.167778 
-1.192222 
-1.181111 
-1.180000 
-1.185556 
-1.164444 
-1.187778 
-1.186667 
-1.200000 
-1.197778 
-1.188889 
-1.187778 
-1.181111 
-1.202222 
-1.211111 
-1.225556 
-1.225556 
-1.216667 
-1.208889 
-1.186667 
-1.174444 
-1.175556 
-1.186667 
-1.166667 
-1.160000 
-1.157778 
-1.178889 
-1.167778 
-1.163333 
-1.174444 
-1.170000 
-1.167778 
-1.161111 
-1.177778 
-1.162222 
-1.171111 
-1.177778 
-1.154444 
-1.166667 
-1.175556 
-1.134444 
-1.151111 
-1.161111 
-1.156667 
-1.168889 
-1.170000 
-1.165556 
-1.155556 
-1.154444 
-1.187778 
-1.183333 
-1.178889 
-1.191111 
-1.193333 
-1.198889 
-1.201111 
-1.201111 
-1.221111 
-1.211111 
-1.188889 
-1.193333 
-1.185556 
-1.188889 
-1.192222 
-1.201111 
-1.194444 
-1.202222 
-1.210000 
-1.190000 
-1.197778 
-1.171111 
-1.172222 
-1.193333 
-1.183333 
-1.196667 
-1.195556 
-1.178889 
-1.160000 
-1.173333 
-1.175556 
-1.177778 
-1.186667 
-1.183333 
-1.186667 
-1.191111 
-1.191111 
-1.183333 
-1.181111 
-1.194444 
-1.183333 
-1.177778 
-1.172222 
-1.176667 
-1.197778 
-1.193333 
-1.195556 
-1.192222 
-1.206667 
-1.195556 
-1.191111 
-1.198889 
-1.201111 
-1.198889 
-1.203333 
-1.188889 
-1.191111 
-1.187778 
-1.201111 
-1.197778 
-1.198889 
-1.194444 
-1.202222 
-1.202222 
-1.191111 
-1.190000 
-1.185556 
-1.193333 
-1.185556 
-1.192222 
-1.204444 
-1.197778 
-1.188889 
-1.187778 
-1.190000 
-1.183333 
-1.208889 
-1.203333 
-1.197778 
-1.203333 
-1.212222 
-1.204444 
-1.212222 
-1.213333 
-1.215556 
-1.224444 
-1.227778 
-1.233333 
-1.248889 
-1.227778 
-1.236667 
-1.240000 
-1.218889 
-1.203333 
-1.203333 
-1.214444 
-1.211111 
-1.220000 
-1.216667 
-1.211111 
-1.213333 
-1.202222 
-1.204444 
-1.225556 
-1.198889 
-1.190000 
-1.191111 
-1.198889 
-1.196667 
-1.198889 
-1.201111 
-1.214444 
-1.201111 
-1.186667 
-1.197778 
-1.178889 
-1.178889 
-1.180000 
-1.177778 
-1.175556 
-1.183333 
-1.177778 
-1.175556 
-1.183333 
-1.202222 
-1.190000 
-1.184444 
-1.197778 
-1.200000 
-1.204444 
-1.206667 
-1.220000 
-1.227778 
-1.210000 
-1.192222 
-1.195556 
-1.207778 
-1.213333 
-1.237778 
-1.237778 
-1.238889 
-1.228889 
-1.213333 
-1.211111 
-1.204444 
-1.224444 
-1.225556 
-1.232222 
-1.230000 
-1.207778 
-1.202222 
-1.184444 
-1.205556 
-1.225556 
-1.233333 
-1.221111 
-1.218889 
-1.220000 
-1.220000 
-1.221111 
-1.217778 
-1.218889 
-1.228889 
-1.230000 
-1.234444 
-1.230000 
-1.223333 
-1.234444 
-1.211111 
-1.210000 
-1.196667 
-1.217778 
-1.230000 
-1.234444 
-1.241111 
-1.248889 
-1.218889 
-1.222222 
-1.238889 
-1.227778 
-1.222222 
-1.231111 
-1.233333 
-1.221111 
-1.240000 
-1.234444 
-1.248889 
-1.235556 
-1.225556 
-1.227778 
-1.233333 
-1.220000 
-1.223333 
-1.217778 
-1.226667 
-1.227778 
-1.226667 
-1.221111 
-1.227778 
-1.221111 
-1.238889 
-1.238889 
-1.241111 
-1.244444 
-1.241111 
-1.233333 
-1.218889 
-1.226667 
-1.233333 
-1.238889 
-1.230000 
-1.220000 
-1.213333 
-1.212222 
-1.204444 
-1.222222 
-1.225556 
-1.207778 
-1.222222 
-1.230000 
-1.236667 
-1.221111 
-1.218889 
-1.221111 
-1.226667 
-1.230000 
-1.232222 
-1.217778 
-1.217778 
-1.214444 
-1.236667 
-1.235556 
-1.228889 
-1.223333 
-1.234444 
-1.233333 
-1.223333 
-1.248889 
-1.235556 
-1.236667 
-1.252222 
-1.253333 
-1.262222 
-1.268889 
-1.260000 
-1.255556 
-1.252222 
-1.255556 
-1.244444 
-1.244444 
-1.235556 
-1.243333 
-1.252222 
-1.254444 
-1.254444 
-1.253333 
-1.262222 
-1.255556 
-1.252222 
-1.260000 
-1.257778 
-1.246667 
-1.245556 
-1.243333 
-1.242222 
-1.253333 
-1.241111 
-1.243333 
-1.248889 
-1.250000 
-1.238889 
-1.250000 
-1.246667 
-1.247778 
-1.242222 
-1.237778 
-1.227778 
-1.222222 
-1.221111 
-1.233333 
-1.224444 
-1.232222 
-1.246667 
-1.242222 
-1.257778 
-1.262222 
-1.266667 
-1.248889 
-1.260000 
-1.247778 
-1.238889 
-1.252222 
-1.247778 
-1.240000 
-1.227778 
-1.223333 
-1.221111 
-1.220000 
-1.212222 
-1.224444 
-1.212222 
-1.218889 
-1.218889 
-1.233333 
-1.224444 
-1.208889 
-1.220000 
-1.224444 
-1.224444 
-1.211111 
-1.236667 
-1.215556 
-1.216667 
-1.221111 
-1.214444 
-1.223333 
-1.222222 
-1.227778 
-1.228889 
-1.220000 
-1.208889 
-1.233333 
-1.237778 
-1.242222 
-1.228889 
-1.212222 
-1.194444 
-1.223333 
-1.235556 
-1.243333 
-1.244444 
-1.243333 
-1.254444 
-1.253333 
-1.245556 
-1.231111 
-1.240000 
-1.243333 
-1.247778 
-1.237778 
-1.220000 
-1.233333 
-1.238889 
-1.256667 
-1.243333 
-1.222222 
-1.230000 
-1.226667 
-1.230000 
-1.225556 
-1.240000 
-1.234444 
-1.237778 
-1.233333 
-1.223333 
-1.243333 
-1.238889 
-1.230000 
-1.240000 
-1.217778 
-1.222222 
-1.235556 
-1.221111 
-1.224444 
-1.233333 
-1.246667 
-1.232222 
-1.240000 
-1.247778 
-1.244444 
-1.246667 
-1.233333 
-1.238889 
-1.262222 
-1.240000 
-1.214444 
-1.226667 
-1.221111 
-1.225556 
-1.221111 
-1.224444 
-1.248889 
-1.258889 
-1.245556 
-1.251111 
-1.245556 
-1.255556 
-1.260000 
-1.253333 
-1.245556 
-1.228889 
-1.233333 
-1.236667 
-1.251111 
-1.231111 
-1.214444 
-1.237778 
-1.215556 
-1.204444 
-1.212222 
-1.220000 
-1.201111 
-1.205556 
-1.201111 
-1.212222 
-1.218889 
-1.208889 
-1.217778 
-1.220000 
-1.211111 
-1.214444 
-1.204444 
-1.203333 
-1.225556 
-1.215556 
-1.231111 
-1.201111 
-1.191111 
-1.193333 
-1.202222 
-1.204444 
-1.215556 
-1.206667 
-1.211111 
-1.207778 
-1.211111 
-1.215556 
-1.213333 
-1.225556 
-1.230000 
-1.230000 
-1.228889 
-1.238889 
-1.223333 
-1.235556 
-1.246667 
-1.245556 
-1.253333 
-1.240000 
-1.230000 
-1.220000 
-1.221111 
-1.230000 
-1.238889 
-1.227778 
-1.211111 
-1.201111 
-1.207778 
-1.206667 
-1.210000 
-1.204444 
-1.208889 
-1.214444 
-1.206667 
-1.215556 
-1.201111 
-1.182222 
-1.174444 
-1.216667 
-1.221111 
-1.222222 
-1.198889 
-1.225556 
-1.212222 
-1.220000 
-1.217778 
-1.214444 
-1.232222 
-1.238889 
-1.236667 
-1.232222 
-1.240000 
-1.243333 
-1.228889 
-1.223333 
-1.215556 
-1.211111 
-1.225556 
-1.221111 
-1.228889 
-1.250000 
-1.248889 
-1.234444 
-1.232222 
-1.241111 
-1.254444 
-1.255556 
-1.248889 
-1.247778 
-1.227778 
-1.234444 
-1.230000 
-1.246667 
-1.235556 
-1.244444 
-1.266667 
-1.255556 
-1.250000 
-1.237778 
-1.237778 
-1.222222 
-1.238889 
-1.246667 
-1.255556 
-1.252222 
-1.251111 
-1.256667 
-1.243333 
-1.228889 
-1.241111 
-1.258889 
-1.245556 
-1.232222 
-1.238889 
-1.233333 
-1.243333 
-1.243333 
-1.236667 
-1.241111 
-1.238889 
-1.230000 
-1.236667 
-1.233333 
-1.244444 
-1.245556 
-1.254444 
-1.247778 
-1.261111 
-1.257778 
-1.266667 
-1.256667 
-1.265556 
-1.266667 
-1.247778 
-1.264444 
-1.263333 
-1.267778 
-1.256667 
-1.265556 
-1.286667 
-1.277778 
-1.277778 
-1.267778 
-1.272222 
-1.261111 
-1.251111 
-1.242222 
-1.248889 
-1.246667 
-1.261111 
-1.245556 
-1.252222 
-1.247778 
-1.238889 
-1.246667 
-1.257778 
-1.244444 
-1.235556 
-1.240000 
-1.240000 
-1.235556 
-1.240000 
-1.232222 
-1.242222 
-1.230000 
-1.246667 
-1.253333 
-1.257778 
-1.234444 
-1.244444 
-1.250000 
-1.248889 
-1.242222 
-1.246667 
-1.256667 
-1.250000 
-1.236667 
-1.228889 
-1.234444 
-1.234444 
-1.234444 
-1.226667 
-1.228889 
-1.235556 
-1.246667 
-1.246667 
-1.254444 
-1.250000 
-1.238889 
-1.238889 
-1.234444 
-1.237778 
-1.234444 
-1.221111 
-1.194444 
-1.200000 
-1.194444 
-1.180000 
-1.202222 
-1.197778 
-1.213333 
-1.221111 
-1.222222 
-1.218889 
-1.208889 
-1.211111 
-1.213333 
-1.205556 
-1.206667 
-1.207778 
-1.224444 
-1.225556 
-1.216667 
-1.213333 
-1.214444 
-1.221111 
-1.198889 
-1.195556 
-1.200000 
-1.201111 
-1.216667 
-1.220000 
-1.218889 
-1.214444 
-1.201111 
-1.211111 
-1.223333 
-1.234444 
-1.240000 
-1.262222 
-1.252222 
-1.233333 
-1.225556 
-1.221111 
-1.236667 
-1.232222 
-1.227778 
-1.227778 
-1.234444 
-1.226667 
-1.227778 
-1.243333 
-1.248889 
-1.260000 
-1.258889 
-1.244444 
-1.243333 
-1.240000 
-1.233333 
-1.214444 
-1.211111 
-1.215556 
-1.233333 
-1.222222 
-1.218889 
-1.220000 
-1.198889 
-1.210000 
-1.201111 
-1.205556 
-1.211111 
-1.212222 
-1.205556 
-1.192222 
-1.196667 
-1.183333 
-1.184444 
-1.185556 
-1.185556 
-1.198889 
-1.191111 
-1.194444 
-1.191111 
-1.203333 
-1.192222 
-1.215556 
-1.212222 
-1.216667 
-1.212222 
-1.218889 
-1.226667 
-1.210000 
-1.203333 
-1.225556 
-1.226667 
-1.217778 
-1.233333 
-1.235556 
-1.224444 
-1.233333 
-1.224444 
-1.234444 
-1.236667 
-1.218889 
-1.233333 
-1.231111 
-1.232222 
-1.218889 
-1.206667 
-1.217778 
-1.223333 
-1.220000 
-1.224444 
-1.193333 
-1.222222 
-1.227778 
-1.223333 
-1.224444 
-1.222222 
-1.230000 
-1.230000 
-1.220000 
-1.227778 
-1.222222 
-1.224444 
-1.212222 
-1.233333 
-1.232222 
-1.224444 
-1.217778 
-1.218889 
-1.204444 
-1.217778 
-1.212222 
-1.207778 
-1.198889 
-1.197778 
-1.204444 
-1.184444 
-1.196667 
-1.198889 
-1.205556 
-1.185556 
-1.168889 
-1.175556 
-1.194444 
-1.211111 
-1.208889 
-1.187778 
-1.201111 
-1.207778 
-1.217778 
-1.225556 
-1.234444 
-1.223333 
-1.215556 
-1.216667 
-1.212222 
-1.230000 
-1.224444 
-1.211111 
-1.198889 
-1.208889 
-1.206667 
-1.211111 
-1.223333 
-1.215556 
-1.218889 
-1.201111 
-1.223333 
-1.212222 
-1.226667 
-1.212222 
-1.222222 
-1.220000 
-1.216667 
-1.231111 
-1.214444 
-1.188889 
-1.196667 
-1.194444 
-1.193333 
-1.198889 
-1.210000 
-1.203333 
-1.232222 
-1.218889 
-1.226667 
-1.202222 
-1.208889 
-1.215556 
-1.216667 
-1.224444 
-1.212222 
-1.217778 
-1.225556 
-1.240000 
-1.245556 
-1.231111 
-1.224444 
-1.214444 
-1.225556 
-1.201111 
-1.201111 
-1.208889 
-1.200000 
-1.193333 
-1.190000 
-1.196667 
-1.203333 
-1.202222 
-1.232222 
-1.221111 
-1.231111 
-1.221111 
-1.198889 
-1.225556 
-1.220000 
-1.225556 
-1.202222 
-1.215556 
-1.197778 
-1.225556 
-1.208889 
-1.217778 
-1.220000 
-1.208889 
-1.211111 
-1.206667 
-1.223333 
-1.202222 
-1.208889 
-1.190000 
-1.197778 
-1.203333 
-1.196667 
-1.196667 
-1.200000 
-1.192222 
-1.184444 
-1.184444 
-1.192222 
-1.206667 
-1.215556 
-1.206667 
-1.211111 
-1.204444 
-1.203333 
-1.186667 
-1.178889 
-1.166667 
-1.183333 
-1.192222 
-1.175556 
-1.174444 
-1.188889 
-1.173333 
-1.175556 
-1.192222 
-1.186667 
-1.188889 
-1.193333 
-1.186667 
-1.173333 
-1.178889 
-1.186667 
-1.178889 
-1.187778 
-1.175556 
-1.174444 
-1.163333 
-1.174444 
-1.172222 
-1.160000 
-1.176667 
-1.174444 
-1.170000 
-1.170000 
-1.188889 
-1.164444 
-1.172222 
-1.171111 
-1.167778 
-1.168889 
-1.154444 
-1.150000 
-1.150000 
-1.171111 
-1.165556 
-1.165556 
-1.161111 
-1.178889 
-1.185556 
-1.188889 
-1.190000 
-1.176667 
-1.180000 
-1.186667 
-1.186667 
-1.187778 
-1.170000 
-1.164444 
-1.182222 
-1.170000 
-1.167778 
-1.152222 
-1.163333 
-1.170000 
-1.167778 
-1.156667 
-1.162222 
-1.173333 
-1.152222 
-1.178889 
-1.185556 
-1.183333 
-1.196667 
-1.202222 
-1.194444 
-1.171111 
-1.173333 
-1.178889 
-1.183333 
-1.188889 
-1.165556 
-1.167778 
-1.163333 
-1.173333 
-1.184444 
-1.165556 
-1.163333 
-1.165556 
-1.164444 
-1.167778 
-1.170000 
-1.168889 
-1.177778 
-1.174444 
-1.154444 
-1.162222 
-1.188889 
-1.173333 
-1.172222 
-1.164444 
-1.173333 
-1.170000 
-1.171111 
-1.173333 
-1.174444 
-1.173333 
-1.192222 
-1.197778 
-1.200000 
-1.187778 
-1.191111 
-1.194444 
-1.202222 
-1.211111 
-1.210000 
-1.198889 
-1.184444 
-1.175556 
-1.175556 
-1.183333 
-1.190000 
-1.178889 
-1.186667 
-1.182222 
-1.166667 
-1.176667 
-1.182222 
-1.190000 
-1.193333 
-1.207778 
-1.203333 
-1.193333 
-1.197778 
-1.192222 
-1.191111 
-1.197778 
-1.194444 
-1.190000 
-1.191111 
-1.195556 
-1.186667 
-1.165556 
-1.160000 
-1.178889 
-1.182222 
-1.190000 
-1.198889 
-1.203333 
-1.193333 
-1.211111 
-1.216667 
-1.217778 
-1.201111 
-1.195556 
-1.178889 
-1.196667 
-1.187778 
-1.193333 
-1.200000 
-1.215556 
-1.223333 
-1.220000 
-1.234444 
-1.220000 
-1.210000 
-1.213333 
-1.212222 
-1.201111 
-1.216667 
-1.196667 
-1.195556 
-1.207778 
-1.215556 
-1.185556 
-1.206667 
-1.214444 
-1.197778 
-1.193333 
-1.198889 
-1.201111 
-1.200000 
-1.211111 
-1.226667 
-1.220000 
-1.214444 
-1.217778 
-1.207778 
-1.208889 
-1.214444 
-1.215556 
-1.210000 
-1.216667 
-1.196667 
-1.208889 
-1.211111 
-1.207778 
-1.230000 
-1.241111 
-1.243333 
-1.233333 
-1.230000 
-1.223333 
-1.220000 
-1.232222 
-1.250000 
-1.244444 
-1.227778 
-1.218889 
-1.215556 
-1.223333 
-1.222222 
-1.232222 
-1.232222 
-1.248889 
-1.230000 
-1.216667 
-1.230000 
-1.221111 
-1.225556 
-1.228889 
-1.207778 
-1.227778 
-1.230000 
-1.228889 
-1.222222 
-1.216667 
-1.206667 
-1.207778 
-1.218889 
-1.212222 
-1.217778 
-1.225556 
-1.212222 
-1.223333 
-1.207778 
-1.198889 
-1.206667 
-1.210000 
-1.215556 
-1.221111 
-1.225556 
-1.225556 
-1.204444 
-1.184444 
-1.194444 
-1.205556 
-1.205556 
-1.204444 
-1.217778 
-1.204444 
-1.196667 
-1.187778 
-1.191111 
-1.202222 
-1.203333 
-1.188889 
-1.197778 
-1.205556 
-1.211111 
-1.206667 
-1.195556 
-1.192222 
-1.193333 
-1.195556 
-1.203333 
-1.196667 
-1.198889 
-1.203333 
-1.210000 
-1.213333 
-1.207778 
-1.206667 
-1.215556 
-1.208889 
-1.218889 
-1.207778 
-1.208889 
-1.212222 
-1.224444 
-1.226667 
-1.225556 
-1.227778 
-1.207778 
-1.186667 
-1.195556 
-1.216667 
-1.217778 
-1.198889 
-1.201111 
-1.203333 
-1.196667 
-1.188889 
-1.187778 
-1.191111 
-1.204444 
-1.204444 
-1.197778 
-1.212222 
-1.208889 
-1.206667 
-1.212222 
-1.215556 
-1.226667 
-1.226667 
-1.232222 
-1.227778 
-1.226667 
-1.217778 
-1.208889 
-1.205556 
-1.216667 
-1.215556 
-1.224444 
-1.222222 
-1.218889 
-1.212222 
-1.213333 
-1.215556 
-1.208889 
-1.218889 
-1.222222 
-1.217778 
-1.223333 
-1.223333 
-1.222222 
-1.227778 
-1.244444 
-1.222222 
-1.222222 
-1.213333 
-1.215556 
-1.208889 
-1.223333 
-1.216667 
-1.233333 
-1.214444 
-1.217778 
-1.218889 
-1.225556 
-1.204444 
-1.215556 
-1.231111 
-1.220000 
-1.220000 
-1.206667 
-1.225556 
-1.217778 
-1.191111 
-1.202222 
-1.198889 
-1.186667 
-1.183333 
-1.175556 
-1.181111 
-1.190000 
-1.181111 
-1.180000 
-1.183333 
-1.184444 
-1.176667 
-1.185556 
-1.178889 
-1.173333 
-1.183333 
-1.183333 
-1.186667 
-1.194444 
-1.213333 
-1.202222 
-1.207778 
-1.207778 
-1.215556 
-1.218889 
-1.222222 
-1.211111 
-1.201111 
-1.220000 
-1.208889 
-1.206667 
-1.201111 
-1.192222 
-1.198889 
-1.188889 
-1.196667 
-1.198889 
-1.176667 
-1.202222 
-1.212222 
-1.191111 
-1.186667 
-1.172222 
-1.185556 
-1.210000 
-1.207778 
-1.196667 
-1.168889 
-1.193333 
-1.197778 
-1.174444 
-1.178889 
-1.168889 
-1.171111 
-1.168889 
-1.181111 
-1.168889 
-1.176667 
-1.191111 
-1.198889 
-1.192222 
-1.178889 
-1.198889 
-1.182222 
-1.208889 
-1.226667 
-1.211111 
-1.231111 
-1.207778 
-1.195556 
-1.211111 
-1.195556 
-1.205556 
-1.194444 
-1.183333 
-1.187778 
-1.168889 
-1.186667 
-1.197778 
-1.185556 
-1.172222 
-1.144444 
-1.163333 
-1.173333 
-1.174444 
-1.176667 
-1.198889 
-1.202222 
-1.198889 
-1.200000 
-1.201111 
-1.212222 
-1.207778 
-1.204444 
-1.194444 
-1.195556 
-1.208889 
-1.202222 
-1.204444 
-1.218889 
-1.205556 
-1.195556 
-1.197778 
-1.188889 
-1.195556 
-1.213333 
-1.224444 
-1.218889 
-1.234444 
-1.237778 
-1.235556 
-1.230000 
-1.250000 
-1.244444 
-1.244444 
-1.225556 
-1.231111 
-1.230000 
-1.220000 
-1.227778 
-1.227778 
-1.201111 
-1.213333 
-1.217778 
-1.216667 
-1.202222 
-1.205556 
-1.194444 
-1.198889 
-1.212222 
-1.214444 
-1.212222 
-1.192222 
-1.191111 
-1.201111 
-1.197778 
-1.203333 
-1.204444 
-1.192222 
-1.205556 
-1.218889 
-1.213333 
-1.205556 
-1.210000 
-1.194444 
-1.185556 
-1.201111 
-1.195556 
-1.197778 
-1.181111 
-1.181111 
-1.181111 
-1.182222 
-1.202222 
-1.196667 
-1.196667 
-1.196667 
-1.188889 
-1.186667 
-1.196667 
-1.197778 
-1.193333 
-1.196667 
-1.201111 
-1.201111 
-1.197778 
-1.198889 
-1.201111 
-1.197778 
-1.190000 
-1.201111 
-1.202222 
-1.206667 
-1.206667 
-1.207778 
-1.206667 
-1.226667 
-1.226667 
-1.224444 
-1.217778 
-1.216667 
-1.202222 
-1.204444 
-1.176667 
-1.190000 
-1.184444 
-1.184444 
-1.208889 
-1.194444 
-1.185556 
-1.191111 
-1.183333 
-1.186667 
-1.187778 
-1.182222 
-1.190000 
-1.200000 
-1.200000 
-1.197778 
-1.197778 
-1.194444 
-1.184444 
-1.207778 
-1.192222 
-1.193333 
-1.188889 
-1.183333 
-1.182222 
-1.180000 
-1.191111 
-1.175556 
-1.190000 
-1.190000 
-1.188889 
-1.197778 
-1.190000 
-1.206667 
-1.198889 
-1.191111 
-1.192222 
-1.200000 
-1.192222 
-1.197778 
-1.206667 
-1.192222 
-1.178889 
-1.174444 
-1.177778 
-1.182222 
-1.177778 
-1.181111 
-1.160000 
-1.164444 
-1.150000 
-1.163333 
-1.175556 
-1.171111 
-1.161111 
-1.156667 
-1.144444 
-1.154444 
-1.170000 
-1.168889 
-1.152222 
-1.167778 
-1.160000 
-1.171111 
-1.173333 
-1.176667 
-1.177778 
-1.192222 
-1.196667 
-1.193333 
-1.200000 
-1.210000 
-1.204444 
-1.207778 
-1.204444 
-1.195556 
-1.208889 
-1.192222 
-1.197778 
-1.200000 
-1.195556 
-1.192222 
-1.196667 
-1.212222 
-1.218889 
-1.212222 
-1.220000 
-1.211111 
-1.212222 
-1.201111 
-1.203333 
-1.205556 
-1.200000 
-1.211111 
-1.208889 
-1.200000 
-1.186667 
-1.195556 
-1.181111 
-1.190000 
-1.184444 
-1.196667 
-1.180000 
-1.203333 
-1.203333 
-1.216667 
-1.213333 
-1.207778 
-1.205556 
-1.195556 
-1.193333 
-1.186667 
-1.193333 
-1.208889 
-1.216667 
-1.198889 
-1.193333 
-1.188889 
-1.203333 
-1.186667 
-1.187778 
-1.178889 
-1.162222 
-1.167778 
-1.161111 
-1.175556 
-1.182222 
-1.162222 
-1.166667 
-1.177778 
-1.171111 
-1.192222 
-1.166667 
-1.160000 
-1.171111 
-1.190000 
-1.171111 
-1.173333 
-1.161111 
-1.158889 
-1.170000 
-1.174444 
-1.162222 
-1.168889 
-1.161111 
-1.167778 
-1.161111 
-1.177778 
-1.171111 
-1.158889 
-1.170000 
-1.157778 
-1.163333 
-1.172222 
-1.167778 
-1.185556 
-1.181111 
-1.197778 
-1.204444 
-1.215556 
-1.198889 
-1.178889 
-1.177778 
-1.172222 
-1.185556 
-1.192222 
-1.205556 
-1.203333 
-1.192222 
-1.185556 
-1.192222 
-1.190000 
-1.187778 
-1.181111 
-1.176667 
-1.178889 
-1.186667 
-1.181111 
-1.161111 
-1.162222 
-1.166667 
-1.155556 
-1.175556 
-1.172222 
-1.162222 
-1.161111 
-1.171111 
-1.167778 
-1.168889 
-1.176667 
-1.191111 
-1.183333 
-1.171111 
-1.177778 
-1.182222 
-1.175556 
-1.177778 
-1.193333 
-1.194444 
-1.177778 
-1.176667 
-1.172222 
-1.173333 
-1.167778 
-1.164444 
-1.165556 
-1.181111 
-1.168889 
-1.173333 
-1.163333 
-1.166667 
-1.181111 
-1.174444 
-1.196667 
-1.198889 
-1.195556 
-1.184444 
-1.181111 
-1.183333 
-1.176667 
-1.173333 
-1.185556 
-1.174444 
-1.180000 
-1.170000 
-1.183333 
-1.183333 
-1.181111 
-1.192222 
-1.176667 
-1.172222 
-1.184444 
-1.183333 
-1.180000 
-1.178889 
-1.170000 
-1.168889 
-1.177778 
-1.182222 
-1.161111 
-1.161111 
-1.167778 
-1.165556 
-1.182222 
-1.175556 
-1.186667 
-1.185556 
-1.197778 
-1.190000 
-1.167778 
-1.180000 
-1.178889 
-1.194444 
-1.200000 
-1.214444 
-1.194444 
-1.202222 
-1.184444 
-1.193333 
-1.198889 
-1.192222 
-1.197778 
-1.183333 
-1.173333 
-1.176667 
-1.176667 
-1.164444 
-1.172222 
-1.171111 
-1.167778 
-1.162222 
-1.175556 
-1.175556 
-1.175556 
-1.184444 
-1.196667 
-1.192222 
-1.192222 
-1.196667 
-1.187778 
-1.194444 
-1.180000 
-1.187778 
-1.187778 
-1.196667 
-1.213333 
-1.205556 
-1.201111 
-1.201111 
-1.201111 
-1.210000 
-1.202222 
-1.198889 
-1.192222 
-1.213333 
-1.192222 
-1.185556 
-1.194444 
-1.213333 
-1.212222 
-1.206667 
-1.218889 
-1.204444 
-1.202222 
-1.207778 
-1.211111 
-1.201111 
-1.210000 
-1.232222 
-1.216667 
-1.207778 
-1.216667 
-1.196667 
-1.194444 
-1.203333 
-1.201111 
-1.194444 
-1.202222 
-1.180000 
-1.177778 
-1.180000 
-1.173333 
-1.192222 
-1.210000 
-1.197778 
-1.172222 
-1.172222 
-1.168889 
-1.170000 
-1.160000 
-1.164444 
-1.163333 
-1.170000 
-1.154444 
-1.150000 
-1.163333 
-1.170000 
-1.173333 
-1.188889 
-1.191111 
-1.188889 
-1.168889 
-1.176667 
-1.185556 
-1.186667 
-1.172222 
-1.172222 
-1.173333 
-1.184444 
-1.182222 
-1.182222 
-1.191111 
-1.173333 
-1.165556 
-1.166667 
-1.164444 
-1.168889 
-1.158889 
-1.160000 
-1.148889 
-1.173333 
-1.172222 
-1.172222 
-1.165556 
-1.171111 
-1.184444 
-1.173333 
-1.164444 
-1.144444 
-1.151111 
-1.165556 
-1.156667 
-1.153333 
-1.171111 
-1.170000 
-1.160000 
-1.163333 
-1.171111 
-1.166667 
-1.167778 
-1.162222 
-1.163333 
-1.157778 
-1.157778 
-1.171111 
-1.168889 
-1.167778 
-1.155556 
-1.165556 
-1.184444 
-1.173333 
-1.174444 
-1.171111 
-1.172222 
-1.171111 
-1.167778 
-1.167778 
-1.176667 
-1.165556 
-1.184444 
-1.186667 
-1.195556 
-1.180000 
-1.178889 
-1.170000 
-1.161111 
-1.165556 
-1.174444 
-1.170000 
-1.166667 
-1.176667 
-1.176667 
-1.166667 
-1.193333 
-1.200000 
-1.186667 
-1.203333 
-1.190000 
-1.210000 
-1.201111 
-1.208889 
-1.216667 
-1.207778 
-1.191111 
-1.196667 
-1.174444 
-1.187778 
-1.188889 
-1.203333 
-1.193333 
-1.195556 
-1.200000 
-1.193333 
-1.186667 
-1.178889 
-1.183333 
-1.197778 
-1.208889 
-1.185556 
-1.198889 
-1.210000 
-1.211111 
-1.200000 
-1.193333 
-1.188889 
-1.207778 
-1.220000 
-1.202222 
-1.201111 
-1.192222 
-1.215556 
-1.208889 
-1.204444 
-1.192222 
-1.191111 
-1.202222 
-1.215556 
-1.228889 
-1.222222 
-1.224444 
-1.212222 
-1.217778 
-1.222222 
-1.214444 
-1.221111 
-1.232222 
-1.217778 
-1.223333 
-1.212222 
-1.224444 
-1.220000 
-1.216667 
-1.213333 
-1.240000 
-1.238889 
-1.227778 
-1.238889 
-1.225556 
-1.238889 
-1.240000 
-1.237778 
-1.245556 
-1.256667 
-1.258889 
-1.252222 
-1.253333 
-1.250000 
-1.250000 
-1.238889 
-1.247778 
-1.254444 
-1.245556 
-1.238889 
-1.271111 
-1.258889 
-1.262222 
-1.255556 
-1.241111 
-1.245556 
-1.251111 
-1.250000 
-1.251111 
-1.234444 
-1.260000 
-1.250000 
-1.248889 
-1.245556 
-1.253333 
-1.232222 
-1.234444 
-1.224444 
-1.226667 
-1.241111 
-1.235556 
-1.226667 
-1.228889 
-1.226667 
-1.220000 
-1.227778 
-1.234444 
-1.214444 
-1.203333 
-1.206667 
-1.220000 
-1.231111 
-1.222222 
-1.193333 
-1.201111 
-1.204444 
-1.198889 
-1.195556 
-1.187778 
-1.180000 
-1.190000 
-1.187778 
-1.197778 
-1.191111 
-1.210000 
-1.187778 
-1.196667 
-1.210000 
-1.212222 
-1.215556 
-1.213333 
-1.216667 
-1.215556 
-1.205556 
-1.206667 
-1.217778 
-1.211111 
-1.210000 
-1.218889 
-1.198889 
-1.210000 
-1.210000 
-1.227778 
-1.231111 
-1.228889 
-1.212222 
-1.226667 
-1.237778 
-1.197778 
-1.198889 
-1.205556 
-1.218889 
-1.211111 
-1.222222 
-1.202222 
-1.206667 
-1.202222 
-1.196667 
-1.201111 
-1.203333 
-1.207778 
-1.208889 
-1.220000 
-1.216667 
-1.203333 
-1.211111 
-1.184444 
-1.201111 
-1.188889 
-1.201111 
-1.211111 
-1.215556 
-1.216667 
-1.228889 
-1.215556 
-1.217778 
-1.225556 
-1.238889 
-1.232222 
-1.243333 
-1.230000 
-1.217778 
-1.221111 
-1.221111 
-1.224444 
-1.226667 
-1.235556 
-1.213333 
-1.203333 
-1.227778 
-1.228889 
-1.217778 
-1.222222 
-1.237778 
-1.230000 
-1.228889 
-1.242222 
-1.244444 
-1.240000 
-1.227778 
-1.233333 
-1.236667 
-1.233333 
-1.217778 
-1.213333 
-1.211111 
-1.208889 
-1.198889 
-1.204444 
-1.187778 
-1.186667 
-1.195556 
-1.188889 
-1.197778 
-1.204444 
-1.203333 
-1.214444 
-1.198889 
-1.208889 
-1.213333 
-1.198889 
-1.193333 
-1.206667 
-1.201111 
-1.197778 
-1.193333 
-1.188889 
-1.173333 
-1.167778 
-1.180000 
-1.201111 
-1.200000 
-1.202222 
-1.208889 
-1.191111 
-1.181111 
-1.168889 
-1.178889 
-1.174444 
-1.176667 
-1.193333 
-1.200000 
-1.202222 
-1.196667 
-1.200000 
-1.213333 
-1.215556 
-1.207778 
-1.214444 
-1.242222 
-1.224444 
-1.232222 
-1.240000 
-1.245556 
-1.242222 
-1.237778 
-1.226667 
-1.235556 
-1.230000 
-1.226667 
-1.210000 
-1.217778 
-1.235556 
-1.235556 
-1.247778 
-1.255556 
-1.253333 
-1.251111 
-1.243333 
-1.228889 
-1.250000 
-1.233333 
-1.236667 
-1.218889 
-1.241111 
-1.228889 
-1.225556 
-1.203333 
-1.213333 
-1.218889 
-1.212222 
-1.217778 
-1.225556 
-1.210000 
-1.231111 
-1.233333 
-1.224444 
-1.213333 
-1.226667 
-1.227778 
-1.242222 
-1.223333 
-1.226667 
-1.216667 
-1.224444 
-1.216667 
-1.215556 
-1.233333 
-1.232222 
-1.228889 
-1.240000 
-1.236667 
-1.232222 
-1.235556 
-1.227778 
-1.208889 
-1.228889 
-1.220000 
-1.217778 
-1.231111 
-1.228889 
-1.233333 
-1.236667 
-1.218889 
-1.210000 
-1.211111 
-1.217778 
-1.224444 
-1.230000 
-1.217778 
-1.216667 
-1.224444 
-1.234444 
-1.220000 
-1.233333 
-1.240000 
-1.248889 
-1.247778 
-1.253333 
-1.260000 
-1.247778 
-1.256667 
-1.248889 
-1.235556 
-1.233333 
-1.232222 
-1.244444 
-1.246667 
-1.245556 
-1.247778 
-1.238889 
-1.244444 
-1.241111 
-1.231111 
-1.223333 
-1.241111 
-1.240000 
-1.232222 
-1.237778 
-1.235556 
-1.235556 
-1.228889 
-1.211111 
-1.226667 
-1.237778 
-1.224444 
-1.234444 
-1.227778 
-1.214444 
-1.236667 
-1.233333 
-1.243333 
-1.252222 
-1.245556 
-1.260000 
-1.261111 
-1.255556 
-1.230000 
-1.228889 
-1.213333 
-1.223333 
-1.215556 
-1.216667 
-1.218889 
-1.224444 
-1.224444 
-1.223333 
-1.220000 
-1.224444 
-1.236667 
-1.235556 
-1.228889 
-1.233333 
-1.227778 
-1.233333 
-1.233333 
-1.236667 
-1.226667 
-1.218889 
-1.217778 
-1.234444 
-1.228889 
-1.224444 
-1.228889 
-1.230000 
-1.224444 
-1.225556 
-1.220000 
-1.201111 
-1.215556 
-1.222222 
-1.236667 
-1.223333 
-1.224444 
-1.231111 
-1.234444 
-1.244444 
-1.228889 
-1.238889 
-1.233333 
-1.246667 
-1.224444 
-1.217778 
-1.226667 
-1.214444 
-1.220000 
-1.215556 
-1.204444 
-1.204444 
-1.220000 
-1.231111 
-1.218889 
-1.231111 
-1.216667 
-1.235556 
-1.230000 
-1.227778 
-1.222222 
-1.216667 
-1.238889 
-1.246667 
-1.233333 
-1.230000 
-1.237778 
-1.244444 
-1.247778 
-1.247778 
-1.236667 
-1.243333 
-1.242222 
-1.255556 
-1.254444 
-1.265556 
-1.236667 
-1.240000 
-1.244444 
-1.233333 
-1.244444 
-1.254444 
-1.242222 
-1.231111 
-1.236667 
-1.232222 
-1.216667 
-1.206667 
-1.211111 
-1.206667 
-1.217778 
-1.223333 
-1.234444 
-1.223333 
-1.220000 
-1.224444 
-1.230000 
-1.230000 
-1.230000 
-1.224444 
-1.231111 
-1.240000 
-1.232222 
-1.216667 
-1.232222 
-1.215556 
-1.222222 
-1.216667 
-1.231111 
-1.226667 
-1.230000 
-1.204444 
-1.204444 
-1.206667 
-1.208889 
-1.217778 
-1.206667 
-1.205556 
-1.203333 
-1.212222 
-1.195556 
-1.212222 
-1.201111 
-1.196667 
-1.197778 
-1.195556 
-1.204444 
-1.178889 
-1.203333 
-1.188889 
-1.195556 
-1.190000 
-1.198889 
-1.197778 
-1.218889 
-1.218889 
-1.222222 
-1.217778 
-1.232222 
-1.241111 
-1.248889 
-1.246667 
-1.236667 
-1.240000 
-1.220000 
-1.232222 
-1.223333 
-1.226667 
-1.224444 
-1.217778 
-1.206667 
-1.206667 
-1.196667 
-1.196667 
-1.208889 
-1.210000 
-1.197778 
-1.204444 
-1.217778 
-1.204444 
-1.217778 
-1.207778 
-1.194444 
-1.177778 
-1.167778 
-1.178889 
-1.161111 
-1.164444 
-1.166667 
-1.188889 
-1.187778 
-1.197778 
-1.213333 
-1.226667 
-1.212222 
-1.213333 
-1.231111 
-1.221111 
-1.206667 
-1.204444 
-1.194444 
-1.197778 
-1.182222 
-1.190000 
-1.181111 
-1.197778 
-1.195556 
-1.192222 
-1.213333 
-1.208889 
-1.218889 
-1.216667 
-1.223333 
-1.218889 
-1.226667 
-1.221111 
-1.216667 
-1.213333 
-1.200000 
-1.201111 
-1.182222 
-1.188889 
-1.194444 
-1.196667 
-1.200000 
-1.195556 
-1.186667 
-1.177778 
-1.194444 
-1.204444 
-1.193333 
-1.207778 
-1.203333 
-1.222222 
-1.222222 
-1.205556 
-1.171111 
-1.195556 
