0.000000, 0.000000 
0.387099, 0.000000 
0.723262, 0.000000 
1.000000, 0.000000 
1.523663, 0.000000 

0.000000, 0.000000 
0.386111, 0.027658 
0.722979, 0.020231 
0.999852, 0.017201 
1.523599, 0.013936 

0.000000, 0.000000 
0.383153, 0.055176 
0.722131, 0.040447 
0.999408, 0.034397 
1.523408, 0.027871 

0.000000, 0.000000 
0.378241, 0.082411 
0.720717, 0.060630 
0.998668, 0.051582 
1.523089, 0.041803 

0.000000, 0.000000 
0.371398, 0.109227 
0.718740, 0.080767 
0.997633, 0.068753 
1.522643, 0.055733 

0.000000, 0.000000 
0.362660, 0.135485 
0.716200, 0.100840 
0.996302, 0.085903 
1.522070, 0.069657 

0.000000, 0.000000 
0.352073, 0.161052 
0.713101, 0.120834 
0.994677, 0.103027 
1.521369, 0.083575 

0.000000, 0.000000 
0.339690, 0.185797 
0.709443, 0.140734 
0.992757, 0.120121 
1.520540, 0.097487 

0.000000, 0.000000 
0.325574, 0.209595 
0.705230, 0.160523 
0.990543, 0.137180 
1.519585, 0.111390 

0.000000, 0.000000 
0.309799, 0.232324 
0.700466, 0.180187 
0.988036, 0.154198 
1.518502, 0.125284 

0.000000, 0.000000 
0.292445, 0.253869 
0.695154, 0.199711 
0.985236, 0.171170 
1.517292, 0.139168 

0.000000, 0.000000 
0.273600, 0.274121 
0.689298, 0.219077 
0.982145, 0.188092 
1.515956, 0.153040 

0.000000, 0.000000 
0.253361, 0.292975 
0.682902, 0.238273 
0.978763, 0.204957 
1.514492, 0.166899 

0.000000, 0.000000 
0.231832, 0.310338 
0.675973, 0.257282 
0.975092, 0.221763 
1.512902, 0.180744 

0.000000, 0.000000 
0.209122, 0.326120 
0.668514, 0.276090 
0.971131, 0.238502 
1.511185, 0.194574 

0.000000, 0.000000 
0.185347, 0.340242 
0.660533, 0.294682 
0.966884, 0.255171 
1.509342, 0.208388 

0.000000, 0.000000 
0.160630, 0.352632 
0.652035, 0.313043 
0.962350, 0.271765 
1.507372, 0.222185 

0.000000, 0.000000 
0.135095, 0.363229 
0.643027, 0.331159 
0.957531, 0.288278 
1.505276, 0.235962 

0.000000, 0.000000 
0.108873, 0.371978 
0.633516, 0.349017 
0.952429, 0.304706 
1.503055, 0.249720 

0.000000, 0.000000 
0.082098, 0.378837 
0.623510, 0.366601 
0.947045, 0.321043 
1.500707, 0.263457 

0.000001, 0.000000 
0.054906, 0.383770 
0.613016, 0.383899 
0.941381, 0.337286 
1.498234, 0.277173 

0.000001, 0.000000 
0.027434, 0.386754 
0.602042, 0.400896 
0.935437, 0.353428 
1.495635, 0.290864 

0.000001, 0.000000 
-0.000176, 0.387774 
0.590597, 0.417580 
0.929217, 0.369466 
1.492912, 0.304532 

0.000001, 0.000000 
-0.027786, 0.386825 
0.578691, 0.433937 
0.922722, 0.385395 
1.490063, 0.318174 

0.000001, 0.000000 
-0.055255, 0.383913 
0.566332, 0.449955 
0.915954, 0.401210 
1.487090, 0.331789 

0.000001, 0.000000 
-0.082443, 0.379054 
0.553529, 0.465621 
0.908915, 0.416906 
1.483992, 0.345377 

0.000001, 0.000000 
-0.109214, 0.372273 
0.540294, 0.480922 
0.901606, 0.432478 
1.480770, 0.358936 

0.000001, 0.000000 
-0.135431, 0.363605 
0.526637, 0.495848 
0.894031, 0.447922 
1.477425, 0.372465 

0.000001, 0.000000 
-0.160961, 0.353095 
0.512567, 0.510385 
0.886191, 0.463234 
1.473955, 0.385962 

0.000001, 0.000000 
-0.185676, 0.340796 
0.498097, 0.524524 
0.878089, 0.478409 
1.470362, 0.399427 

0.000001, 0.000000 
-0.209452, 0.326772 
0.483237, 0.538252 
0.869727, 0.493442 
1.466647, 0.412859 

0.000001, 0.000000 
-0.232166, 0.311093 
0.467999, 0.551560 
0.861107, 0.508329 
1.462808, 0.426257 

0.000001, 0.000000 
-0.253706, 0.293840 
0.452396, 0.564436 
0.852232, 0.523066 
1.458847, 0.439618 

0.000001, 0.000000 
-0.273963, 0.275101 
0.436438, 0.576870 
0.843105, 0.537647 
1.454764, 0.452943 

0.000001, 0.000000 
-0.292834, 0.254970 
0.420139, 0.588854 
0.833729, 0.552070 
1.450559, 0.466230 

0.000001, 0.000000 
-0.310224, 0.233550 
0.403512, 0.600377 
0.824106, 0.566329 
1.446233, 0.479478 

0.000002, 0.000000 
-0.326046, 0.210950 
0.386569, 0.611431 
0.814238, 0.580420 
1.441786, 0.492686 

0.000002, 0.000001 
-0.340220, 0.187283 
0.369324, 0.622006 
0.804130, 0.594340 
1.437218, 0.505852 

0.000002, 0.000001 
-0.352675, 0.162670 
0.351790, 0.632095 
0.793784, 0.608084 
1.432530, 0.518976 

0.000002, 0.000001 
-0.363348, 0.137235 
0.333981, 0.641690 
0.783202, 0.621647 
1.427722, 0.532057 

0.000002, 0.000001 
-0.372185, 0.111107 
0.315911, 0.650783 
0.772389, 0.635027 
1.422795, 0.545094 

0.000002, 0.000001 
-0.379143, 0.084417 
0.297594, 0.659368 
0.761347, 0.648218 
1.417748, 0.558084 

0.000002, 0.000001 
-0.384186, 0.057301 
0.279044, 0.667437 
0.750080, 0.661218 
1.412583, 0.571028 

0.000002, 0.000001 
-0.387288, 0.029896 
0.260276, 0.674984 
0.738590, 0.674022 
1.407300, 0.583924 

0.000002, 0.000001 
-0.388435, 0.002340 
0.241305, 0.682003 
0.726882, 0.686626 
1.401899, 0.596772 

0.000002, 0.000001 
-0.387620, -0.025228 
0.222145, 0.688489 
0.714959, 0.699027 
1.396380, 0.609569 

0.000002, 0.000001 
-0.384848, -0.052668 
0.202811, 0.694437 
0.702824, 0.711221 
1.390745, 0.622316 

0.000002, 0.000001 
-0.380132, -0.079843 
0.183319, 0.699842 
0.690480, 0.723205 
1.384993, 0.635010 

0.000003, 0.000001 
-0.373496, -0.106614 
0.163684, 0.704700 
0.677933, 0.734974 
1.379126, 0.647651 

0.000003, 0.000001 
-0.364973, -0.132847 
0.143920, 0.709008 
0.665185, 0.746526 
1.373143, 0.660238 

0.000003, 0.000001 
-0.354607, -0.158408 
0.124044, 0.712761 
0.652239, 0.757857 
1.367045, 0.672770 

0.000003, 0.000001 
-0.342450, -0.183170 
0.104071, 0.715956 
0.639101, 0.768963 
1.360832, 0.685245 

0.000003, 0.000001 
-0.328561, -0.207005 
0.084017, 0.718593 
0.625773, 0.779842 
1.354506, 0.697663 

0.000003, 0.000001 
-0.313013, -0.229795 
0.063897, 0.720667 
0.612260, 0.790489 
1.348067, 0.710023 

0.000003, 0.000002 
-0.295881, -0.251423 
0.043727, 0.722179 
0.598566, 0.800903 
1.341514, 0.722323 

0.000003, 0.000002 
-0.277254, -0.271779 
0.023523, 0.723126 
0.584695, 0.811079 
1.334850, 0.734563 

0.000003, 0.000002 
-0.257225, -0.290761 
0.003301, 0.723507 
0.570650, 0.821016 
1.328073, 0.746741 

0.000003, 0.000002 
-0.235894, -0.308272 
-0.016924, 0.723324 
0.556437, 0.830709 
1.321186, 0.758857 

0.000003, 0.000002 
-0.213369, -0.324223 
-0.037136, 0.722575 
0.542058, 0.840156 
1.314188, 0.770909 

0.000004, 0.000002 
-0.189765, -0.338533 
-0.057318, 0.721261 
0.527519, 0.849355 
1.307080, 0.782897 

0.000004, 0.000002 
-0.165199, -0.351129 
-0.077456, 0.719384 
0.512824, 0.858301 
1.299862, 0.794820 

0.000004, 0.000002 
-0.139797, -0.361946 
-0.097534, 0.716945 
0.497977, 0.866994 
1.292536, 0.806675 

0.000004, 0.000002 
-0.113686, -0.370929 
-0.117535, 0.713945 
0.482983, 0.875430 
1.285102, 0.818464 

0.000004, 0.000002 
-0.086999, -0.378031 
-0.137444, 0.710388 
0.467846, 0.883607 
1.277560, 0.830184 

0.000004, 0.000002 
-0.059871, -0.383217 
-0.157246, 0.706275 
0.452570, 0.891522 
1.269911, 0.841834 

0.000004, 0.000002 
-0.032439, -0.386460 
-0.176925, 0.701611 
0.437160, 0.899173 
1.262156, 0.853414 

0.000004, 0.000003 
-0.004843, -0.387741 
-0.196466, 0.696398 
0.421620, 0.906558 
1.254295, 0.864922 

0.000004, 0.000003 
0.022779, -0.387054 
-0.215853, 0.690642 
0.405956, 0.913674 
1.246329, 0.876358 

0.000004, 0.000003 
0.050284, -0.384401 
-0.235072, 0.684346 
0.390171, 0.920519 
1.238259, 0.887721 

0.000005, 0.000003 
0.077534, -0.379795 
-0.254107, 0.677515 
0.374271, 0.927092 
1.230086, 0.899009 

0.000005, 0.000003 
0.104390, -0.373260 
-0.272943, 0.670155 
0.358260, 0.933391 
1.221809, 0.910223 

0.000005, 0.000003 
0.130715, -0.364827 
-0.291566, 0.662271 
0.342143, 0.939413 
1.213430, 0.921360 

0.000005, 0.000003 
0.156376, -0.354539 
-0.309962, 0.653870 
0.325924, 0.945156 
1.204950, 0.932420 

0.000005, 0.000003 
0.181241, -0.342447 
-0.328115, 0.644959 
0.309609, 0.950620 
1.196369, 0.943401 

0.000005, 0.000003 
0.205184, -0.328612 
-0.346012, 0.635543 
0.293203, 0.955802 
1.187687, 0.954304 

0.000005, 0.000003 
0.228082, -0.313105 
-0.363639, 0.625631 
0.276709, 0.960701 
1.178906, 0.965127 

0.000005, 0.000004 
0.249820, -0.296003 
-0.380982, 0.615230 
0.260133, 0.965316 
1.170027, 0.975870 

0.000005, 0.000004 
0.270284, -0.277393 
-0.398027, 0.604349 
0.243481, 0.969644 
1.161050, 0.986530 

0.000005, 0.000004 
0.289372, -0.257370 
-0.414761, 0.592996 
0.226756, 0.973686 
1.151975, 0.997108 

0.000005, 0.000004 
0.306984, -0.236036 
-0.431171, 0.581179 
0.209964, 0.977439 
1.142804, 1.007603 

0.000006, 0.000004 
0.323033, -0.213498 
-0.447245, 0.568909 
0.193110, 0.980902 
1.133537, 1.018013 

0.000006, 0.000004 
0.337434, -0.189872 
-0.462969, 0.556194 
0.176199, 0.984075 
1.124176, 1.028338 

0.000006, 0.000004 
0.350114, -0.165277 
-0.478331, 0.543045 
0.159236, 0.986956 
1.114720, 1.038577 

0.000006, 0.000004 
0.361009, -0.139840 
-0.493320, 0.529472 
0.142225, 0.989545 
1.105172, 1.048729 

0.000006, 0.000005 
0.370062, -0.113689 
-0.507924, 0.515485 
0.125172, 0.991841 
1.095530, 1.058794 

0.000006, 0.000005 
0.377227, -0.086958 
-0.522131, 0.501096 
0.108082, 0.993843 
1.085797, 1.068769 

0.000006, 0.000005 
0.382468, -0.059784 
-0.535930, 0.486315 
0.090960, 0.995550 
1.075973, 1.078656 

0.000006, 0.000005 
0.385757, -0.032304 
-0.549311, 0.471155 
0.073812, 0.996963 
1.066059, 1.088452 

0.000006, 0.000005 
0.387078, -0.004659 
-0.562263, 0.455627 
0.056641, 0.998080 
1.056056, 1.098156 

0.000006, 0.000005 
0.386424, 0.023009 
-0.574775, 0.439742 
0.039454, 0.998901 
1.045964, 1.107769 

0.000006, 0.000005 
0.383798, 0.050560 
-0.586839, 0.423515 
0.022254, 0.999427 
1.035785, 1.117290 

0.000007, 0.000006 
0.379214, 0.077853 
-0.598445, 0.406957 
0.005049, 0.999656 
1.025519, 1.126716 

0.000007, 0.000006 
0.372694, 0.104749 
-0.609583, 0.390081 
-0.012159, 0.999590 
1.015168, 1.136049 

0.000007, 0.000006 
0.364274, 0.131110 
-0.620245, 0.372900 
-0.029362, 0.999227 
1.004731, 1.145286 

0.000007, 0.000006 
0.353995, 0.156803 
-0.630423, 0.355428 
-0.046557, 0.998568 
0.994210, 1.154428 

0.000007, 0.000006 
0.341911, 0.181696 
-0.640109, 0.337679 
-0.063738, 0.997613 
0.983606, 1.163472 

0.000007, 0.000006 
0.328084, 0.205662 
-0.649294, 0.319666 
-0.080901, 0.996362 
0.972920, 1.172420 

0.000007, 0.000006 
0.312583, 0.228580 
-0.657973, 0.301404 
-0.098039, 0.994817 
0.962152, 1.181269 

0.000007, 0.000007 
0.295490, 0.250333 
-0.666138, 0.282906 
-0.115148, 0.992976 
0.951304, 1.190020 

0.000007, 0.000007 
0.276890, 0.270810 
-0.673783, 0.264187 
-0.132223, 0.990841 
0.940376, 1.198670 

0.000007, 0.000007 
0.256880, 0.289907 
-0.680902, 0.245262 
-0.149259, 0.988413 
0.929370, 1.207221 

0.000007, 0.000007 
0.235561, 0.307528 
-0.687489, 0.226145 
-0.166251, 0.985692 
0.918285, 1.215670 

0.000007, 0.000007 
0.213043, 0.323582 
-0.693539, 0.206852 
-0.183193, 0.982679 
0.907124, 1.224018 

0.000008, 0.000007 
0.189441, 0.337990 
-0.699048, 0.187397 
-0.200081, 0.979374 
0.895887, 1.232263 

0.000008, 0.000008 
0.164874, 0.350677 
-0.704011, 0.167796 
-0.216910, 0.975779 
0.884575, 1.240406 

0.000008, 0.000008 
0.139469, 0.361581 
-0.708425, 0.148064 
-0.233675, 0.971895 
0.873189, 1.248444 

0.000008, 0.000008 
0.113354, 0.370646 
-0.712285, 0.128217 
-0.250370, 0.967723 
0.861729, 1.256378 

0.000008, 0.000008 
0.086663, 0.377826 
-0.715589, 0.108269 
-0.266991, 0.963265 
0.850198, 1.264206 

0.000008, 0.000008 
0.059532, 0.383087 
-0.718334, 0.088237 
-0.283533, 0.958520 
0.838595, 1.271929 

0.000008, 0.000008 
0.032099, 0.386401 
-0.720519, 0.068136 
-0.299991, 0.953492 
0.826923, 1.279545 

0.000008, 0.000009 
0.004502, 0.387753 
-0.722140, 0.047982 
-0.316360, 0.948181 
0.815181, 1.287055 

0.000008, 0.000009 
-0.023117, 0.387137 
-0.723199, 0.027790 
-0.332635, 0.942589 
0.803370, 1.294456 

0.000008, 0.000009 
-0.050619, 0.384557 
-0.723692, 0.007577 
-0.348812, 0.936718 
0.791493, 1.301749 

0.000008, 0.000009 
-0.077865, 0.380026 
-0.723620, -0.012643 
-0.364885, 0.930569 
0.779549, 1.308933 

0.000008, 0.000009 
-0.104715, 0.373568 
-0.722984, -0.032852 
-0.380850, 0.924144 
0.767540, 1.316008 

0.000008, 0.000009 
-0.131034, 0.365216 
-0.721782, -0.053036 
-0.396702, 0.917446 
0.755467, 1.322972 

0.000008, 0.000010 
-0.156690, 0.355014 
-0.720018, -0.073178 
-0.412437, 0.910475 
0.743330, 1.329826 

0.000008, 0.000010 
-0.181552, 0.343014 
-0.717691, -0.093263 
-0.428050, 0.903235 
0.731132, 1.336568 

0.000008, 0.000010 
-0.205494, 0.329277 
-0.714804, -0.113276 
-0.443535, 0.895727 
0.718872, 1.343199 

0.000009, 0.000010 
-0.228396, 0.313873 
-0.711358, -0.133200 
-0.458889, 0.887953 
0.706552, 1.349717 

0.000009, 0.000010 
-0.250142, 0.296880 
-0.707357, -0.153020 
-0.474107, 0.879916 
0.694172, 1.356122 

0.000009, 0.000010 
-0.270623, 0.278386 
-0.702804, -0.172720 
-0.489185, 0.871618 
0.681735, 1.362414 

0.000009, 0.000011 
-0.289735, 0.258484 
-0.697702, -0.192286 
-0.504117, 0.863062 
0.669241, 1.368591 

0.000009, 0.000011 
-0.307382, 0.237275 
-0.692056, -0.211701 
-0.518900, 0.854250 
0.656690, 1.374654 

0.000009, 0.000011 
-0.323475, 0.214867 
-0.685869, -0.230951 
-0.533529, 0.845185 
0.644085, 1.380602 

0.000009, 0.000011 
-0.337933, 0.191372 
-0.679146, -0.250021 
-0.548000, 0.835870 
0.631425, 1.386434 

0.000009, 0.000011 
-0.350683, 0.166911 
-0.671893, -0.268895 
-0.562309, 0.826306 
0.618713, 1.392150 

0.000009, 0.000012 
-0.361662, 0.141606 
-0.664115, -0.287560 
-0.576451, 0.816498 
0.605949, 1.397750 

0.000009, 0.000012 
-0.370813, 0.115586 
-0.655819, -0.306000 
-0.590422, 0.806447 
0.593135, 1.403233 

0.000009, 0.000012 
-0.378092, 0.088983 
-0.647011, -0.324201 
-0.604218, 0.796158 
0.580270, 1.408598 

0.000009, 0.000012 
-0.383461, 0.061930 
-0.637697, -0.342149 
-0.617835, 0.785632 
0.567357, 1.413845 

0.000009, 0.000012 
-0.386893, 0.034564 
-0.627886, -0.359829 
-0.631268, 0.774874 
0.554397, 1.418974 

0.000009, 0.000013 
-0.388371, 0.007024 
-0.617584, -0.377229 
-0.644515, 0.763886 
0.541390, 1.423984 

0.000009, 0.000013 
-0.387888, -0.020552 
-0.606800, -0.394334 
-0.657570, 0.752671 
0.528338, 1.428875 

0.000009, 0.000013 
-0.385446, -0.048024 
-0.595542, -0.411131 
-0.670431, 0.741233 
0.515241, 1.433646 

0.000009, 0.000013 
-0.381058, -0.075253 
-0.583818, -0.427607 
-0.683093, 0.729576 
0.502102, 1.438297 

0.000009, 0.000013 
-0.374745, -0.102102 
-0.571639, -0.443749 
-0.695552, 0.717702 
0.488920, 1.442828 

0.000009, 0.000013 
-0.366539, -0.128435 
-0.559014, -0.459545 
-0.707805, 0.705615 
0.475698, 1.447238 

0.000009, 0.000014 
-0.356481, -0.154120 
-0.545952, -0.474981 
-0.719848, 0.693319 
0.462435, 1.451527 

0.000009, 0.000014 
-0.344622, -0.179026 
-0.532463, -0.490047 
-0.731677, 0.680818 
0.449134, 1.455695 

0.000009, 0.000014 
-0.331022, -0.203027 
-0.518559, -0.504730 
-0.743290, 0.668115 
0.435796, 1.459740 

0.000009, 0.000014 
-0.315749, -0.226001 
-0.504249, -0.519018 
-0.754683, 0.655213 
0.422420, 1.463663 

0.000009, 0.000014 
-0.298879, -0.247834 
-0.489546, -0.532902 
-0.765851, 0.642118 
0.409010, 1.467464 

0.000009, 0.000015 
-0.280498, -0.268413 
-0.474460, -0.546369 
-0.776793, 0.628832 
0.395565, 1.471142 

0.000009, 0.000015 
-0.260699, -0.287634 
-0.459004, -0.559409 
-0.787504, 0.615359 
0.382087, 1.474697 

0.000009, 0.000015 
-0.239581, -0.305401 
-0.443189, -0.572012 
-0.797981, 0.601704 
0.368577, 1.478128 

0.000009, 0.000015 
-0.217250, -0.321621 
-0.427028, -0.584168 
-0.808222, 0.587871 
0.355037, 1.481435 

0.000009, 0.000015 
-0.193820, -0.336214 
-0.410533, -0.595868 
-0.818224, 0.573863 
0.341466, 1.484619 

0.000009, 0.000016 
-0.169408, -0.349104 
-0.393718, -0.607103 
-0.827983, 0.559686 
0.327867, 1.487678 

0.000009, 0.000016 
-0.144138, -0.360226 
-0.376595, -0.617863 
-0.837496, 0.545342 
0.314241, 1.490612 

0.000009, 0.000016 
-0.118137, -0.369523 
-0.359178, -0.628141 
-0.846761, 0.530837 
0.300588, 1.493422 

0.000009, 0.000016 
-0.091538, -0.376947 
-0.341480, -0.637928 
-0.855775, 0.516174 
0.286910, 1.496107 

0.000009, 0.000016 
-0.064475, -0.382459 
-0.323516, -0.647216 
-0.864535, 0.501358 
0.273208, 1.498666 

0.000009, 0.000016 
-0.037084, -0.386031 
-0.305299, -0.655999 
-0.873038, 0.486393 
0.259483, 1.501100 

0.000009, 0.000017 
-0.009506, -0.387644 
-0.286843, -0.664269 
-0.881283, 0.471284 
0.245737, 1.503409 

0.000009, 0.000017 
0.018121, -0.387290 
-0.268163, -0.672020 
-0.889267, 0.456036 
0.231969, 1.505591 

0.000009, 0.000017 
0.045656, -0.384968 
-0.249273, -0.679246 
-0.896987, 0.440652 
0.218183, 1.507647 

0.000009, 0.000017 
0.072959, -0.380692 
-0.230189, -0.685942 
-0.904440, 0.425138 
0.204378, 1.509578 

0.000009, 0.000017 
0.099892, -0.374480 
-0.210925, -0.692101 
-0.911626, 0.409497 
0.190556, 1.511381 

0.000009, 0.000017 
0.126316, -0.366365 
-0.191496, -0.697720 
-0.918541, 0.393735 
0.176718, 1.513058 

0.000009, 0.000018 
0.152099, -0.356387 
-0.171918, -0.702793 
-0.925184, 0.377857 
0.162865, 1.514609 

0.000009, 0.000018 
0.177107, -0.344595 
-0.152205, -0.707317 
-0.931552, 0.361866 
0.148999, 1.516033 

0.000009, 0.000018 
0.201215, -0.331050 
-0.132373, -0.711289 
-0.937645, 0.345768 
0.135120, 1.517329 

0.000009, 0.000018 
0.224298, -0.315820 
-0.112437, -0.714704 
-0.943459, 0.329567 
0.121230, 1.518499 

0.000009, 0.000018 
0.246239, -0.298981 
-0.092414, -0.717561 
-0.948993, 0.313269 
0.107330, 1.519541 

0.000009, 0.000018 
0.266926, -0.280620 
-0.072319, -0.719857 
-0.954246, 0.296878 
0.093420, 1.520457 

0.000009, 0.000019 
0.286253, -0.260829 
-0.052167, -0.721591 
-0.959216, 0.280399 
0.079503, 1.521245 

0.000009, 0.000019 
0.304122, -0.239708 
-0.031974, -0.722760 
-0.963902, 0.263836 
0.065580, 1.521905 

0.000009, 0.000019 
0.320440, -0.217366 
-0.011756, -0.723365 
-0.968301, 0.247196 
0.051650, 1.522438 

0.000009, 0.000019 
0.335125, -0.193915 
0.008471, -0.723404 
-0.972414, 0.230482 
0.037717, 1.522844 

0.000009, 0.000019 
0.348100, -0.169476 
0.028691, -0.722878 
-0.976238, 0.213700 
0.023780, 1.523122 

0.000009, 0.000019 
0.359301, -0.144171 
0.048889, -0.721787 
-0.979773, 0.196854 
0.009841, 1.523273 

0.000009, 0.000020 
0.368669, -0.118132 
0.069048, -0.720131 
-0.983017, 0.179950 
-0.004098, 1.523296 

0.000009, 0.000020 
0.376155, -0.091489 
0.089154, -0.717913 
-0.985969, 0.162993 
-0.018038, 1.523191 

0.000008, 0.000020 
0.381723, -0.064380 
0.109190, -0.715133 
-0.988629, 0.145987 
-0.031975, 1.522959 

0.000008, 0.000020 
0.385344, -0.036942 
0.129141, -0.711794 
-0.990996, 0.128938 
-0.045910, 1.522600 

0.000008, 0.000020 
0.386997, -0.009316 
0.148991, -0.707899 
-0.993069, 0.111851 
-0.059841, 1.522113 

0.000008, 0.000020 
0.386677, 0.018358 
0.168724, -0.703450 
-0.994848, 0.094730 
-0.073768, 1.521498 

0.000008, 0.000020 
0.384383, 0.045939 
0.188325, -0.698452 
-0.996331, 0.077582 
-0.087688, 1.520756 

0.000008, 0.000021 
0.380128, 0.073285 
0.207779, -0.692907 
-0.997519, 0.060411 
-0.101600, 1.519887 

0.000008, 0.000021 
0.373934, 0.100257 
0.227071, -0.686820 
-0.998411, 0.043221 
-0.115504, 1.518890 

0.000008, 0.000021 
0.365832, 0.126718 
0.246185, -0.680197 
-0.999008, 0.026019 
-0.129399, 1.517766 

0.000008, 0.000021 
0.355863, 0.152533 
0.265107, -0.673041 
-0.999307, 0.008809 
-0.143282, 1.516515 

0.000008, 0.000021 
0.344080, 0.177570 
0.283821, -0.665360 
-0.999311, -0.008403 
-0.157154, 1.515137 

0.000008, 0.000021 
0.330543, 0.201701 
0.302314, -0.657158 
-0.999018, -0.025613 
-0.171012, 1.513633 

0.000008, 0.000021 
0.315320, 0.224805 
0.320570, -0.648442 
-0.998429, -0.042816 
-0.184857, 1.512001 

0.000008, 0.000022 
0.298489, 0.246762 
0.338575, -0.639219 
-0.997543, -0.060005 
-0.198685, 1.510243 

0.000008, 0.000022 
0.280138, 0.267462 
0.356316, -0.629496 
-0.996362, -0.077177 
-0.212497, 1.508358 

0.000008, 0.000022 
0.260359, 0.286799 
0.373778, -0.619281 
-0.994886, -0.094326 
-0.226291, 1.506347 

0.000008, 0.000022 
0.239254, 0.304676 
0.390947, -0.608581 
-0.993114, -0.111447 
-0.240067, 1.504210 

0.000008, 0.000022 
0.216931, 0.321001 
0.407811, -0.597406 
-0.991048, -0.128535 
-0.253822, 1.501947 

0.000008, 0.000022 
0.193504, 0.335692 
0.424356, -0.585763 
-0.988688, -0.145585 
-0.267556, 1.499558 

0.000008, 0.000022 
0.169091, 0.348675 
0.440569, -0.573663 
-0.986035, -0.162592 
-0.281267, 1.497044 

0.000008, 0.000023 
0.143819, 0.359884 
0.456438, -0.561113 
-0.983089, -0.179550 
-0.294955, 1.494404 

0.000008, 0.000023 
0.117815, 0.369263 
0.471950, -0.548125 
-0.979852, -0.196455 
-0.308618, 1.491639 

0.000008, 0.000023 
0.091213, 0.376765 
0.487092, -0.534708 
-0.976324, -0.213302 
-0.322256, 1.488749 

0.000008, 0.000023 
0.064146, 0.382352 
0.501854, -0.520873 
-0.972507, -0.230086 
-0.335866, 1.485734 

0.000008, 0.000023 
0.036754, 0.385997 
0.516223, -0.506630 
-0.968401, -0.246801 
-0.349448, 1.482595 

0.000008, 0.000023 
0.009176, 0.387681 
0.530188, -0.491991 
-0.964008, -0.263444 
-0.363001, 1.479332 

0.000008, 0.000023 
-0.018449, 0.387398 
0.543738, -0.476967 
-0.959329, -0.280008 
-0.376524, 1.475945 

0.000008, 0.000023 
-0.045981, 0.385149 
0.556863, -0.461570 
-0.954366, -0.296489 
-0.390015, 1.472434 

0.000007, 0.000024 
-0.073279, 0.380947 
0.569553, -0.445812 
-0.949120, -0.312882 
-0.403474, 1.468800 

0.000007, 0.000024 
-0.100206, 0.374813 
0.581797, -0.429705 
-0.943592, -0.329182 
-0.416898, 1.465043 

0.000007, 0.000024 
-0.126624, 0.366779 
0.593586, -0.413263 
-0.937784, -0.345385 
-0.430288, 1.461163 

0.000007, 0.000024 
-0.152401, 0.356886 
0.604911, -0.396496 
-0.931699, -0.361485 
-0.443641, 1.457161 

0.000007, 0.000024 
-0.177406, 0.345186 
0.615762, -0.379420 
-0.925337, -0.377478 
-0.456958, 1.453037 

0.000007, 0.000024 
-0.201513, 0.331738 
0.626132, -0.362047 
-0.918700, -0.393359 
-0.470236, 1.448791 

0.000007, 0.000024 
-0.224599, 0.316611 
0.636012, -0.344391 
-0.911792, -0.409124 
-0.483475, 1.444423 

0.000007, 0.000024 
-0.246549, 0.299881 
0.645395, -0.326465 
-0.904612, -0.424767 
-0.496673, 1.439935 

0.000007, 0.000024 
-0.267251, 0.281635 
0.654272, -0.308283 
-0.897165, -0.440284 
-0.509830, 1.435326 

0.000007, 0.000025 
-0.286602, 0.261964 
0.662638, -0.289861 
-0.889452, -0.455671 
-0.522944, 1.430597 

0.000007, 0.000025 
-0.304503, 0.240969 
0.670485, -0.271212 
-0.881474, -0.470922 
-0.536014, 1.425748 

0.000007, 0.000025 
-0.320865, 0.218756 
0.677808, -0.252350 
-0.873236, -0.486034 
-0.549040, 1.420780 

0.000007, 0.000025 
-0.335605, 0.195437 
0.684601, -0.233291 
-0.864738, -0.501002 
-0.562019, 1.415693 

0.000007, 0.000025 
-0.348649, 0.171130 
0.690858, -0.214050 
-0.855984, -0.515821 
-0.574951, 1.410487 

0.000007, 0.000025 
-0.359932, 0.145959 
0.696574, -0.194641 
-0.846977, -0.530487 
-0.587835, 1.405163 

0.000007, 0.000025 
-0.369396, 0.120051 
0.701746, -0.175080 
-0.837718, -0.544996 
-0.600670, 1.399721 

0.000007, 0.000025 
-0.376994, 0.093537 
0.706369, -0.155382 
-0.828211, -0.559343 
-0.613455, 1.394162 

0.000007, 0.000026 
-0.382688, 0.066550 
0.710439, -0.135562 
-0.818458, -0.573525 
-0.626188, 1.388486 

0.000007, 0.000026 
-0.386450, 0.039227 
0.713953, -0.115636 
-0.808462, -0.587536 
-0.638868, 1.382694 

0.000007, 0.000026 
-0.388259, 0.011707 
0.716908, -0.095620 
-0.798227, -0.601373 
-0.651496, 1.376786 

0.000007, 0.000026 
-0.388108, -0.015873 
0.719303, -0.075529 
-0.787755, -0.615032 
-0.664068, 1.370763 

0.000007, 0.000026 
-0.385997, -0.043372 
0.721135, -0.055379 
-0.777050, -0.628509 
-0.676585, 1.364625 

0.000007, 0.000026 
-0.381937, -0.070652 
0.722403, -0.035185 
-0.766114, -0.641799 
-0.689046, 1.358373 

0.000007, 0.000026 
-0.375948, -0.097576 
0.723106, -0.014964 
-0.754951, -0.654899 
-0.701448, 1.352006 

0.000007, 0.000026 
-0.368059, -0.124006 
0.723242, 0.005269 
-0.743564, -0.667804 
-0.713792, 1.345527 

0.000007, 0.000026 
-0.358311, -0.149810 
0.722814, 0.025498 
-0.731957, -0.680512 
-0.726076, 1.338935 

0.000007, 0.000026 
-0.346753, -0.174856 
0.721819, 0.045707 
-0.720133, -0.693018 
-0.738299, 1.332231 

0.000007, 0.000027 
-0.333443, -0.199019 
0.720260, 0.065880 
-0.708095, -0.705319 
-0.750461, 1.325415 

0.000007, 0.000027 
-0.318448, -0.222176 
0.718138, 0.086001 
-0.695847, -0.717410 
-0.762559, 1.318488 

0.000007, 0.000027 
-0.301842, -0.244210 
0.715453, 0.106056 
-0.683393, -0.729289 
-0.774594, 1.311451 

0.000007, 0.000027 
-0.283711, -0.265009 
0.712209, 0.126027 
-0.670737, -0.740951 
-0.786563, 1.304304 

0.000007, 0.000027 
-0.264144, -0.284467 
0.708408, 0.145900 
-0.657881, -0.752394 
-0.798467, 1.297047 

0.000006, 0.000027 
-0.243242, -0.302486 
0.704052, 0.165658 
-0.644831, -0.763613 
-0.810304, 1.289682 

0.000006, 0.000027 
-0.221108, -0.318975 
0.699146, 0.185288 
-0.631589, -0.774607 
-0.822073, 1.282209 

0.000006, 0.000027 
-0.197855, -0.333849 
0.693693, 0.204772 
-0.618160, -0.785371 
-0.833773, 1.274628 

0.000006, 0.000027 
-0.173601, -0.347032 
0.687697, 0.224096 
-0.604548, -0.795901 
-0.845404, 1.266941 

0.000006, 0.000028 
-0.148467, -0.358457 
0.681163, 0.243244 
-0.590757, -0.806196 
-0.856963, 1.259148 

0.000006, 0.000028 
-0.122580, -0.368066 
0.674097, 0.262203 
-0.576791, -0.816252 
-0.868451, 1.251249 

0.000006, 0.000028 
-0.096073, -0.375809 
0.666503, 0.280956 
-0.562653, -0.826066 
-0.879866, 1.243245 

0.000006, 0.000028 
-0.069078, -0.381647 
0.658387, 0.299490 
-0.548349, -0.835635 
-0.891207, 1.235137 

0.000006, 0.000028 
-0.041733, -0.385549 
0.649757, 0.317789 
-0.533882, -0.844957 
-0.902474, 1.226926 

0.000006, 0.000028 
-0.014176, -0.387494 
0.640618, 0.335840 
-0.519257, -0.854028 
-0.913665, 1.218612 

0.000006, 0.000028 
0.013453, -0.387472 
0.630978, 0.353628 
-0.504478, -0.862845 
-0.924780, 1.210195 

0.000006, 0.000028 
0.041014, -0.385483 
0.620845, 0.371140 
-0.489550, -0.871407 
-0.935817, 1.201678 

0.000006, 0.000028 
0.068366, -0.381536 
0.610226, 0.388361 
-0.474476, -0.879711 
-0.946775, 1.193060 

0.000006, 0.000028 
0.095371, -0.375649 
0.599130, 0.405278 
-0.459262, -0.887754 
-0.957654, 1.184341 

0.000006, 0.000028 
0.121891, -0.367853 
0.587565, 0.421879 
-0.443912, -0.895534 
-0.968453, 1.175524 

0.000006, 0.000029 
0.147792, -0.358186 
0.575541, 0.438149 
-0.428430, -0.903048 
-0.979171, 1.166608 

0.000006, 0.000029 
0.172940, -0.346697 
0.563066, 0.454077 
-0.412821, -0.910295 
-0.989807, 1.157594 

0.000006, 0.000029 
0.197209, -0.333444 
0.550151, 0.469650 
-0.397090, -0.917272 
-1.000360, 1.148484 

0.000006, 0.000029 
0.220474, -0.318493 
0.536806, 0.484856 
-0.381241, -0.923977 
-1.010829, 1.139277 

0.000006, 0.000029 
0.242616, -0.301920 
0.523041, 0.499682 
-0.365279, -0.930408 
-1.021214, 1.129974 

0.000006, 0.000029 
0.263523, -0.283810 
0.508867, 0.514117 
-0.349209, -0.936564 
-1.031513, 1.120578 

0.000006, 0.000029 
0.283087, -0.264253 
0.494295, 0.528151 
-0.333035, -0.942442 
-1.041725, 1.111087 

0.000006, 0.000029 
0.301208, -0.243350 
0.479337, 0.541771 
-0.316763, -0.948040 
-1.051850, 1.101503 

0.000006, 0.000029 
0.317795, -0.221206 
0.464003, 0.554968 
-0.300396, -0.953358 
-1.061887, 1.091827 

0.000006, 0.000029 
0.332761, -0.197934 
0.448307, 0.567731 
-0.283941, -0.958393 
-1.071836, 1.082059 

0.000006, 0.000030 
0.346030, -0.173653 
0.432260, 0.580050 
-0.267402, -0.963144 
-1.081694, 1.072201 

0.000006, 0.000030 
0.357534, -0.148485 
0.415875, 0.591915 
-0.250783, -0.967610 
-1.091462, 1.062252 

0.000006, 0.000030 
0.367215, -0.122561 
0.399165, 0.603318 
-0.234090, -0.971789 
-1.101138, 1.052215 

0.000006, 0.000030 
0.375023, -0.096011 
0.382143, 0.614249 
-0.217328, -0.975679 
-1.110722, 1.042090 

0.000006, 0.000030 
0.380917, -0.068971 
0.364822, 0.624699 
-0.200501, -0.979281 
-1.120213, 1.031877 

0.000006, 0.000030 
0.384868, -0.041579 
0.347216, 0.634661 
-0.183615, -0.982593 
-1.129610, 1.021578 

0.000006, 0.000030 
0.386855, -0.013974 
0.329338, 0.644127 
-0.166674, -0.985613 
-1.138912, 1.011194 

0.000006, 0.000030 
0.386868, 0.013702 
0.311203, 0.653090 
-0.149684, -0.988342 
-1.148119, 1.000724 

0.000006, 0.000030 
0.384906, 0.041308 
0.292825, 0.661541 
-0.132650, -0.990777 
-1.157230, 0.990171 

0.000006, 0.000030 
0.380981, 0.068703 
0.274217, 0.669476 
-0.115577, -0.992919 
-1.166244, 0.979535 

0.000006, 0.000030 
0.375113, 0.095748 
0.255395, 0.676887 
-0.098469, -0.994767 
-1.175160, 0.968817 

0.000006, 0.000031 
0.367330, 0.122305 
0.236374, 0.683769 
-0.081332, -0.996320 
-1.183978, 0.958017 

0.000006, 0.000031 
0.357674, 0.148238 
0.217168, 0.690117 
-0.064170, -0.997578 
-1.192696, 0.947137 

0.000006, 0.000031 
0.346193, 0.173415 
0.197792, 0.695925 
-0.046990, -0.998540 
-1.201315, 0.936178 

0.000006, 0.000031 
0.332947, 0.197708 
0.178261, 0.701189 
-0.029796, -0.999206 
-1.209833, 0.925141 

0.000006, 0.000031 
0.318004, 0.220993 
0.158591, 0.705905 
-0.012593, -0.999577 
-1.218249, 0.914026 

0.000006, 0.000031 
0.301439, 0.243152 
0.138798, 0.710069 
0.004613, -0.999651 
-1.226564, 0.902834 

0.000006, 0.000031 
0.283339, 0.264072 
0.118895, 0.713679 
0.021819, -0.999429 
-1.234775, 0.891567 

0.000006, 0.000031 
0.263794, 0.283646 
0.098900, 0.716730 
0.039017, -0.998911 
-1.242884, 0.880225 

0.000006, 0.000031 
0.242906, 0.301776 
0.078827, 0.719222 
0.056205, -0.998097 
-1.250888, 0.868810 

0.000006, 0.000031 
0.220781, 0.318369 
0.058693, 0.721151 
0.073375, -0.996987 
-1.258787, 0.857321 

0.000006, 0.000032 
0.197532, 0.333341 
0.038513, 0.722517 
0.090524, -0.995582 
-1.266581, 0.845761 

0.000006, 0.000032 
0.173278, 0.346617 
0.018303, 0.723318 
0.107646, -0.993882 
-1.274268, 0.834130 

0.000006, 0.000032 
0.148142, 0.358130 
-0.001921, 0.723554 
0.124736, -0.991887 
-1.281849, 0.822429 

0.000006, 0.000032 
0.122253, 0.367822 
-0.022144, 0.723224 
0.141790, -0.989599 
-1.289323, 0.810659 

0.000006, 0.000032 
0.095742, 0.375644 
-0.042350, 0.722329 
0.158801, -0.987018 
-1.296688, 0.798821 

0.000006, 0.000032 
0.068745, 0.381557 
-0.062522, 0.720870 
0.175765, -0.984144 
-1.303945, 0.786916 

0.000006, 0.000032 
0.041399, 0.385531 
-0.082646, 0.718848 
0.192677, -0.980978 
-1.311093, 0.774945 

0.000006, 0.000032 
0.013842, 0.387548 
-0.102705, 0.716264 
0.209532, -0.977522 
-1.318130, 0.762910 

0.000006, 0.000032 
-0.013785, 0.387598 
-0.122684, 0.713120 
0.226325, -0.973777 
-1.325058, 0.750810 

0.000006, 0.000033 
-0.041342, 0.385680 
-0.142567, 0.709419 
0.243051, -0.969743 
-1.331874, 0.738648 

0.000006, 0.000033 
-0.068689, 0.381807 
-0.162338, 0.705164 
0.259705, -0.965422 
-1.338579, 0.726423 

0.000006, 0.000033 
-0.095688, 0.375997 
-0.181983, 0.700358 
0.276282, -0.960815 
-1.345171, 0.714138 

0.000006, 0.000033 
-0.122201, 0.368282 
-0.201485, 0.695005 
0.292777, -0.955923 
-1.351651, 0.701793 

0.000006, 0.000033 
-0.148096, 0.358701 
-0.220831, 0.689108 
0.309186, -0.950748 
-1.358017, 0.689389 

0.000006, 0.000033 
-0.173240, 0.347302 
-0.240003, 0.682674 
0.325503, -0.945292 
-1.364270, 0.676928 

0.000006, 0.000033 
-0.197507, 0.334145 
-0.258988, 0.675706 
0.341723, -0.939555 
-1.370408, 0.664409 

0.000006, 0.000033 
-0.220774, 0.319297 
-0.277771, 0.668211 
0.357843, -0.933541 
-1.376432, 0.651835 

0.000006, 0.000033 
-0.242923, 0.302833 
-0.296337, 0.660193 
0.373856, -0.927249 
-1.382340, 0.639207 

0.000006, 0.000034 
-0.263844, 0.284837 
-0.314671, 0.651660 
0.389759, -0.920684 
-1.388133, 0.626524 

0.000006, 0.000034 
-0.283430, 0.265401 
-0.332760, 0.642617 
0.405546, -0.913845 
-1.393809, 0.613790 

0.000006, 0.000034 
-0.301583, 0.244622 
-0.350588, 0.633073 
0.421213, -0.906736 
-1.399368, 0.601004 

0.000006, 0.000034 
-0.318211, 0.222608 
-0.368143, 0.623035 
0.436755, -0.899358 
-1.404810, 0.588167 

0.000006, 0.000034 
-0.333231, 0.199468 
-0.385410, 0.612509 
0.452168, -0.891714 
-1.410134, 0.575281 

0.000006, 0.000034 
-0.346567, 0.175320 
-0.402376, 0.601506 
0.467447, -0.883806 
-1.415341, 0.562347 

0.000006, 0.000034 
-0.358151, 0.150287 
-0.419028, 0.590032 
0.482588, -0.875636 
-1.420428, 0.549366 

0.000006, 0.000034 
-0.367927, 0.124495 
-0.435352, 0.578098 
0.497586, -0.867207 
-1.425397, 0.536339 

0.000006, 0.000035 
-0.375844, 0.098074 
-0.451337, 0.565712 
0.512436, -0.858521 
-1.430246, 0.523267 

0.000006, 0.000035 
-0.381862, 0.071158 
-0.466969, 0.552885 
0.527135, -0.849581 
-1.434975, 0.510151 

0.000006, 0.000035 
-0.385953, 0.043882 
-0.482236, 0.539625 
0.541678, -0.840389 
-1.439584, 0.496993 

0.000006, 0.000035 
-0.388094, 0.016386 
-0.497127, 0.525945 
0.556060, -0.830949 
-1.444072, 0.483792 

0.000006, 0.000035 
-0.388275, -0.011194 
-0.511629, 0.511853 
0.570277, -0.821262 
-1.448440, 0.470552 

0.000006, 0.000035 
-0.386495, -0.038716 
-0.525732, 0.497362 
0.584326, -0.811332 
-1.452686, 0.457271 

0.000006, 0.000035 
-0.382763, -0.066043 
-0.539425, 0.482483 
0.598202, -0.801162 
-1.456810, 0.443953 

0.000006, 0.000035 
-0.377099, -0.093036 
-0.552696, 0.467227 
0.611900, -0.790755 
-1.460812, 0.430597 

0.000006, 0.000036 
-0.369529, -0.119559 
-0.565535, 0.451606 
0.625418, -0.780113 
-1.464692, 0.417205 

0.000006, 0.000036 
-0.360093, -0.145478 
-0.577933, 0.435632 
0.638750, -0.769241 
-1.468449, 0.403779 

0.000006, 0.000036 
-0.348837, -0.170662 
-0.589880, 0.419318 
0.651893, -0.758141 
-1.472083, 0.390318 

0.000006, 0.000036 
-0.335819, -0.194983 
-0.601366, 0.402677 
0.664843, -0.746816 
-1.475594, 0.376825 

0.000006, 0.000036 
-0.321104, -0.218319 
-0.612382, 0.385721 
0.677596, -0.735270 
-1.478981, 0.363300 

0.000006, 0.000036 
-0.304766, -0.240551 
-0.622921, 0.368465 
0.690149, -0.723506 
-1.482244, 0.349744 

0.000006, 0.000036 
-0.286886, -0.261566 
-0.632973, 0.350920 
0.702497, -0.711529 
-1.485383, 0.336160 

0.000006, 0.000036 
-0.267556, -0.281259 
-0.642530, 0.333102 
0.714638, -0.699340 
-1.488397, 0.322547 

0.000006, 0.000037 
-0.246872, -0.299528 
-0.651586, 0.315023 
0.726566, -0.686945 
-1.491287, 0.308907 

0.000006, 0.000037 
-0.224939, -0.316282 
-0.660133, 0.296699 
0.738280, -0.674346 
-1.494051, 0.295241 

0.000006, 0.000037 
-0.201867, -0.331434 
-0.668165, 0.278143 
0.749775, -0.661547 
-1.496691, 0.281551 

0.000006, 0.000037 
-0.177773, -0.344909 
-0.675675, 0.259370 
0.761048, -0.648553 
-1.499205, 0.267837 

0.000006, 0.000037 
-0.152779, -0.356636 
-0.682657, 0.240394 
0.772096, -0.635366 
-1.501593, 0.254100 

0.000006, 0.000037 
-0.127011, -0.366556 
-0.689107, 0.221231 
0.782915, -0.621992 
-1.503856, 0.240343 

0.000006, 0.000037 
-0.100599, -0.374618 
-0.695018, 0.201895 
0.793502, -0.608433 
-1.505993, 0.226565 

0.000006, 0.000037 
-0.073677, -0.380781 
-0.700387, 0.182401 
0.803855, -0.594694 
-1.508003, 0.212768 

0.000006, 0.000037 
-0.046381, -0.385012 
-0.705209, 0.162765 
0.813969, -0.580779 
-1.509887, 0.198953 

0.000006, 0.000038 
-0.018850, -0.387289 
-0.709480, 0.143002 
0.823843, -0.566692 
-1.511644, 0.185122 

0.000006, 0.000038 
0.008777, -0.387600 
-0.713198, 0.123127 
0.833473, -0.552438 
-1.513275, 0.171275 

0.000006, 0.000038 
0.036360, -0.385943 
-0.716358, 0.103157 
0.842855, -0.538020 
-1.514779, 0.157414 

0.000006, 0.000038 
0.063757, -0.382326 
-0.718960, 0.083105 
0.851989, -0.523442 
-1.516156, 0.143539 

0.000006, 0.000038 
0.090831, -0.376765 
-0.721000, 0.062989 
0.860870, -0.508710 
-1.517406, 0.129653 

0.000006, 0.000038 
0.117443, -0.369290 
-0.722477, 0.042824 
0.869496, -0.493827 
-1.518529, 0.115756 

0.000006, 0.000038 
0.143458, -0.359936 
-0.723390, 0.022625 
0.877865, -0.478797 
-1.519525, 0.101849 

0.000006, 0.000038 
0.168743, -0.348751 
-0.723738, 0.002409 
0.885975, -0.463626 
-1.520393, 0.087933 

0.000006, 0.000039 
0.193170, -0.335791 
-0.723521, -0.017809 
0.893821, -0.448318 
-1.521134, 0.074010 

0.000006, 0.000039 
0.216613, -0.321122 
-0.722739, -0.038014 
0.901404, -0.432877 
-1.521748, 0.060081 

0.000006, 0.000039 
0.238954, -0.304817 
-0.721393, -0.058188 
0.908719, -0.417308 
-1.522234, 0.046147 

0.000006, 0.000039 
0.260077, -0.286960 
-0.719484, -0.078317 
0.915766, -0.401615 
-1.522592, 0.032209 

0.000006, 0.000039 
0.279876, -0.267641 
-0.717013, -0.098385 
0.922541, -0.385804 
-1.522823, 0.018268 

0.000006, 0.000039 
0.298248, -0.246957 
-0.713982, -0.118376 
0.929043, -0.369878 
-1.522926, 0.004326 

0.000006, 0.000039 
0.315100, -0.225015 
-0.710393, -0.138275 
0.935271, -0.353843 
-1.522901, -0.009617 

0.000006, 0.000039 
0.330346, -0.201925 
-0.706250, -0.158065 
0.941221, -0.337703 
-1.522749, -0.023558 

0.000006, 0.000039 
0.343907, -0.177806 
-0.701556, -0.177732 
0.946893, -0.321463 
-1.522470, -0.037498 

0.000006, 0.000040 
0.355714, -0.152779 
-0.696314, -0.197261 
0.952284, -0.305128 
-1.522062, -0.051435 

0.000006, 0.000040 
0.365707, -0.126973 
-0.690528, -0.216635 
0.957394, -0.288702 
-1.521528, -0.065367 

0.000005, 0.000040 
0.373834, -0.100519 
-0.684203, -0.235840 
0.962220, -0.272191 
-1.520865, -0.079294 

0.000005, 0.000040 
0.380054, -0.073552 
-0.677343, -0.254861 
0.966762, -0.255600 
-1.520075, -0.093214 

0.000005, 0.000040 
0.384335, -0.046209 
-0.669955, -0.273683 
0.971017, -0.238933 
-1.519158, -0.107127 

0.000005, 0.000040 
0.386654, -0.018630 
-0.662044, -0.292291 
0.974985, -0.222195 
-1.518114, -0.121030 

0.000005, 0.000040 
0.387001, 0.009044 
-0.653616, -0.310671 
0.978664, -0.205391 
-1.516942, -0.134923 

0.000005, 0.000040 
0.385373, 0.036672 
-0.644677, -0.328808 
0.982054, -0.188526 
-1.515644, -0.148805 

0.000005, 0.000040 
0.381778, 0.064113 
-0.635235, -0.346689 
0.985153, -0.171606 
-1.514218, -0.162675 

0.000005, 0.000041 
0.376236, 0.091227 
-0.625297, -0.364299 
0.987960, -0.154635 
-1.512665, -0.176531 

0.000005, 0.000041 
0.368774, 0.117876 
-0.614870, -0.381624 
0.990475, -0.137618 
-1.510986, -0.190372 

0.000005, 0.000041 
0.359431, 0.143924 
-0.603963, -0.398651 
0.992697, -0.120560 
-1.509180, -0.204197 

0.000005, 0.000041 
0.348255, 0.169238 
-0.592585, -0.415367 
0.994624, -0.103467 
-1.507247, -0.218005 

0.000005, 0.000041 
0.335302, 0.193689 
-0.580744, -0.431758 
0.996258, -0.086343 
-1.505188, -0.231795 

0.000005, 0.000041 
0.320640, 0.217152 
-0.568450, -0.447813 
0.997597, -0.069193 
-1.503003, -0.245565 

0.000005, 0.000041 
0.304344, 0.239509 
-0.555711, -0.463517 
0.998640, -0.052023 
-1.500693, -0.259315 

0.000005, 0.000041 
0.286497, 0.260646 
-0.542538, -0.478859 
0.999388, -0.034838 
-1.498256, -0.273042 

0.000005, 0.000041 
0.267189, 0.280455 
-0.528942, -0.493828 
0.999839, -0.017642 
-1.495694, -0.286748 


