0.000000, 0.000000 
0.387099, 0.000000 
0.723262, 0.000000 
1.000000, 0.000000 
1.523663, 0.000000 
5.202741, 0.000000 
9.554813, 0.000000 
19.190508, 0.000000 
30.108957, 0.000000 

0.000001, 0.000000 
0.288336, 0.276584 
0.694972, 0.202312 
0.985201, 0.172009 
1.517289, 0.139360 
5.202194, 0.075427 
9.554650, 0.055675 
19.190468, 0.039330 
30.108941, 0.031360 

0.000003, 0.000000 
0.055769, 0.424815 
0.612441, 0.388833 
0.941251, 0.338928 
1.498221, 0.277555 
5.200555, 0.150838 
9.554161, 0.111348 
19.190347, 0.078661 
30.108892, 0.062721 

0.000006, 0.000000 
-0.197782, 0.413185 
0.482430, 0.545209 
0.869477, 0.495827 
1.466620, 0.413427 
5.197823, 0.226217 
9.553347, 0.167017 
19.190145, 0.117991 
30.108810, 0.094081 

0.000011, 0.000000 
-0.390429, 0.274328 
0.315412, 0.659758 
0.772039, 0.638091 
1.422750, 0.545840 
5.193999, 0.301548 
9.552207, 0.222681 
19.189863, 0.157320 
30.108695, 0.125441 

0.000017, 0.000001 
-0.476714, 0.060740 
0.124523, 0.724371 
0.651860, 0.761558 
1.366982, 0.673687 
5.189084, 0.376817 
9.550742, 0.278337 
19.189501, 0.196649 
30.108548, 0.156801 

0.000025, 0.000002 
-0.435870, -0.169045 
-0.075646, 0.734984 
0.512528, 0.862647 
1.299784, 0.795900 
5.183078, 0.452006 
9.548951, 0.333983 
19.189057, 0.235977 
30.108368, 0.188161 

0.000033, 0.000003 
-0.268774, -0.349867 
-0.270261, 0.691665 
0.358182, 0.938462 
1.221720, 0.911459 
5.175984, 0.527100 
9.546835, 0.389619 
19.188533, 0.275304 
30.108155, 0.219521 

0.000043, 0.000004 
-0.009041, -0.410118 
-0.445338, 0.598354 
0.193378, 0.986869 
1.133447, 1.019399 
5.167802, 0.602083 
9.544393, 0.445241 
19.187929, 0.314630 
30.107910, 0.250881 

0.000054, 0.000005 
0.254588, -0.294525 
-0.588651, 0.462369 
0.022948, 1.006553 
1.035706, 1.118821 
5.158535, 0.676939 
9.541626, 0.500848 
19.187244, 0.353955 
30.107632, 0.282240 

0.000066, 0.000007 
0.390501, -0.031146 
-0.690421, 0.293758 
-0.148145, 0.997045 
0.929315, 1.208898 
5.148184, 0.751654 
9.538533, 0.556438 
19.186478, 0.393278 
30.107321, 0.313599 

0.000079, 0.000010 
0.334089, 0.247580 
-0.743817, 0.104568 
-0.314954, 0.958723 
0.815167, 1.288880 
5.136751, 0.826210 
9.535116, 0.612009 
19.185632, 0.432599 
30.106977, 0.344957 

0.000093, 0.000012 
0.140110, 0.424339 
-0.745273, -0.091922 
-0.472689, 0.892788 
0.694218, 1.358106 
5.124239, 0.900593 
9.531373, 0.667560 
19.184706, 0.471919 
30.106601, 0.376315 

0.000108, 0.000015 
-0.100322, 0.460319 
-0.694645, -0.281988 
-0.616849, 0.801223 
0.567480, 1.416001 
5.110651, 0.974786 
9.527306, 0.723088 
19.183698, 0.511236 
30.106192, 0.407673 

0.000124, 0.000018 
-0.312327, 0.366015 
-0.595233, -0.452252 
-0.743349, 0.686724 
0.436012, 1.462089 
5.095989, 1.048774 
9.522914, 0.778592 
19.182610, 0.550552 
30.105750, 0.439031 

0.000141, 0.000021 
-0.441346, 0.174505 
-0.453658, -0.590487 
-0.848621, 0.552619 
0.300912, 1.495991 
5.080256, 1.122542 
9.518197, 0.834069 
19.181442, 0.589865 
30.105276, 0.470387 

0.000159, 0.000025 
-0.448215, -0.065282 
-0.279563, -0.686407 
-0.929711, 0.402770 
0.163308, 1.517429 
5.063456, 1.196074 
9.513156, 0.889518 
19.180193, 0.629176 
30.104768, 0.501744 

0.000178, 0.000028 
-0.312417, -0.284288 
-0.085138, -0.732438 
-0.984349, 0.241465 
0.024346, 1.526233 
5.045592, 1.269355 
9.507790, 0.944937 
19.178863, 0.668484 
30.104228, 0.533100 

0.000197, 0.000032 
-0.053986, -0.391755 
0.115586, -0.724403 
-1.011011, 0.073299 
-0.114815, 1.522333 
5.026668, 1.342369 
9.502101, 1.000324 
19.177453, 0.707790 
30.103656, 0.564455 

0.000218, 0.000036 
0.230368, -0.311796 
0.307658, -0.662049 
-1.008952, -0.096947 
-0.253019, 1.505770 
5.006688, 1.415100 
9.496088, 1.055677 
19.175963, 0.747092 
30.103050, 0.595809 

0.000240, 0.000040 
0.397707, -0.073292 
0.476338, -0.549315 
-0.978228, -0.264438 
-0.389116, 1.476687 
4.985656, 1.487534 
9.489751, 1.110995 
19.174391, 0.786391 
30.102412, 0.627163 

0.000263, 0.000045 
0.386864, 0.198087 
0.608338, -0.394255 
-0.919690, -0.424412 
-0.521975, 1.435331 
4.963577, 1.559656 
9.483091, 1.166275 
19.172740, 0.825687 
30.101741, 0.658517 

0.000287, 0.000049 
0.236404, 0.397945 
0.693055, -0.208534 
-0.834968, -0.572304 
-0.650496, 1.382052 
4.940454, 1.631449 
9.476107, 1.221515 
19.171008, 0.864980 
30.101038, 0.689869 

0.000312, 0.000054 
0.015385, 0.478897 
0.723627, -0.006509 
-0.726430, -0.703877 
-0.773611, 1.317297 
4.916294, 1.702900 
9.468801, 1.276714 
19.169195, 0.904269 
30.100301, 0.721221 

0.000339, 0.000059 
-0.209690, 0.430953 
0.697634, 0.196029 
-0.597123, -0.815333 
-0.890302, 1.241608 
4.891101, 1.773992 
9.461172, 1.331870 
19.167302, 0.943554 
30.099532, 0.752572 

0.000366, 0.000064 
-0.378325, 0.267219 
0.617327, 0.383303 
-0.450694, -0.903423 
-0.999602, 1.155618 
4.864880, 1.844712 
9.453220, 1.386981 
19.165328, 0.982835 
30.098731, 0.783923 

0.000395, 0.000069 
-0.434350, 0.024043 
0.489358, 0.540970 
-0.291300, -0.965544 
-1.100607, 1.060044 
4.837637, 1.915044 
9.444947, 1.442045 
19.163274, 1.022112 
30.097896, 0.815272 

0.000425, 0.000075 
-0.334482, -0.227729 
0.324058, 0.657339 
-0.123492, -0.999817 
-1.192482, 0.955680 
4.809378, 1.984973 
9.436351, 1.497060 
19.161139, 1.061385 
30.097029, 0.846621 

0.000456, 0.000082 
-0.085436, -0.378030 
0.134398, 0.724234 
0.047902, -1.005153 
-1.274468, 0.843396 
4.780108, 2.054485 
9.427434, 1.552024 
19.158924, 1.100654 
30.096129, 0.877968 

0.000488, 0.000089 
0.207222, -0.336350 
-0.065187, 0.737463 
0.217919, -0.981296 
-1.345888, 0.724124 
4.749834, 2.123565 
9.418196, 1.606936 
19.156628, 1.139917 
30.095197, 0.909315 

0.000521, 0.000096 
0.400502, -0.132943 
-0.259980, 0.696896 
0.381600, -0.928837 
-1.406152, 0.598853 
4.718562, 2.192199 
9.408637, 1.661794 
19.154252, 1.179176 
30.094232, 0.940660 

0.000555, 0.000104 
0.435718, 0.123040 
-0.436041, 0.606231 
0.534140, -0.849214 
-1.454764, 0.468622 
4.686299, 2.260372 
9.398757, 1.716595 
19.151796, 1.218431 
30.093234, 0.972005 

0.000590, 0.000112 
0.331635, 0.339671 
-0.581100, 0.472525 
0.671029, -0.744679 
-1.491321, 0.334511 
4.653051, 2.328070 
9.388557, 1.771338 
19.149259, 1.257680 
30.092203, 1.003349 

0.000626, 0.000121 
0.135678, 0.462063 
-0.685240, 0.305589 
0.788199, -0.618236 
-1.515521, 0.197631 
4.618825, 2.395278 
9.378038, 1.826021 
19.146642, 1.296923 
30.091139, 1.034691 

0.000663, 0.000130 
-0.096136, 0.461804 
-0.741416, 0.117292 
0.882151, -0.473562 
-1.527166, 0.059115 
4.583629, 2.461982 
9.367198, 1.880642 
19.143944, 1.336162 
30.090043, 1.066033 

0.000702, 0.000140 
-0.300653, 0.331357 
-0.745791, -0.079183 
0.950068, -0.314896 
-1.526158, -0.079888 
4.547469, 2.528170 
9.356040, 1.935200 
19.141166, 1.375395 
30.088915, 1.097373 

0.000741, 0.000150 
-0.405830, 0.091728 
-0.697937, -0.270108 
0.989909, -0.146912 
-1.512505, -0.218229 
4.510355, 2.593825 
9.344562, 1.989692 
19.138308, 1.414622 
30.087753, 1.128712 

0.000781, 0.000161 
-0.344757, -0.185348 
-0.600891, -0.442005 
1.000477, 0.025425 
-1.486319, -0.354761 
4.472292, 2.658935 
9.332767, 2.044117 
19.135369, 1.453843 
30.086559, 1.160050 

0.000822, 0.000173 
-0.114135, -0.371398 
-0.461063, -0.582462 
0.981457, 0.197015 
-1.447815, -0.488353 
4.433290, 2.723487 
9.320653, 2.098472 
19.132350, 1.493058 
30.085332, 1.191386 

0.000864, 0.000184 
0.174315, -0.370533 
-0.287973, -0.680961 
0.933431, 0.362784 
-1.397311, -0.617898 
4.393356, 2.787465 
9.308222, 2.152756 
19.129250, 1.532267 
30.084072, 1.222722 

0.000907, 0.000197 
0.387886, -0.209627 
-0.093772, -0.729677 
0.857851, 0.517839 
-1.335221, -0.742321 
4.352499, 2.850858 
9.295473, 2.206968 
19.126070, 1.571469 
30.082780, 1.254056 

0.000951, 0.000209 
0.467182, 0.024085 
0.107459, -0.724204 
0.756995, 0.657627 
-1.262059, -0.860591 
4.310728, 2.913651 
9.282408, 2.261104 
19.122810, 1.610665 
30.081455, 1.285388 

0.000996, 0.000222 
0.410846, 0.250853 
0.300660, -0.664109 
0.633890, 0.778067 
-1.178426, -0.971725 
4.268051, 2.975832 
9.269027, 2.315164 
19.119470, 1.649854 
30.080097, 1.316720 

0.001042, 0.000236 
0.245099, 0.410714 
0.470948, -0.553214 
0.492210, 0.875676 
-1.085013, -1.074799 
4.224477, 3.037387 
9.255330, 2.369146 
19.116049, 1.689036 
30.078707, 1.348049 

0.001089, 0.000250 
0.013025, 0.459018 
0.604894, -0.399513 
0.336158, 0.947669 
-0.982591, -1.168957 
4.180015, 3.098303 
9.241318, 2.423047 
19.112548, 1.728211 
30.077284, 1.379378 

0.001137, 0.000265 
-0.222703, 0.366833 
0.691777, -0.214653 
0.170335, 0.992030 
-0.872007, -1.253413 
4.134675, 3.158568 
9.226991, 2.476866 
19.108967, 1.767379 
30.075828, 1.410705 

0.001187, 0.000281 
-0.374811, 0.137712 
0.724640, -0.012981 
-0.000404, 1.007566 
-0.754175, -1.327462 
4.088467, 3.218169 
9.212349, 2.530601 
19.105305, 1.806540 
30.074340, 1.442030 

0.001237, 0.000297 
-0.353453, -0.154811 
0.700981, 0.189729 
-0.171096, 0.993932 
-0.630070, -1.390485 
4.041399, 3.277093 
9.197394, 2.584250 
19.101563, 1.845693 
30.072818, 1.473354 

0.001289, 0.000314 
-0.151137, -0.368200 
0.622957, 0.377721 
-0.336813, 0.951622 
-0.500720, -1.441955 
3.993482, 3.335328 
9.182126, 2.637812 
19.097742, 1.884838 
30.071265, 1.504676 

0.001341, 0.000332 
0.122315, -0.409607 
0.497097, 0.536674 
-0.492805, 0.881951 
-0.367198, -1.481438 
3.944726, 3.392862 
9.166544, 2.691284 
19.093839, 1.923976 
30.069678, 1.535997 

0.001394, 0.000351 
0.349911, -0.295617 
0.333576, 0.654881 
-0.634627, 0.787003 
-0.230611, -1.508601 
3.895141, 3.449682 
9.150651, 2.744666 
19.089857, 1.963105 
30.068059, 1.567315 

0.001449, 0.000370 
0.469591, -0.089981 
0.145192, 0.724098 
-0.758263, 0.669563 
-0.092093, -1.523211 
3.844737, 3.505777 
9.134445, 2.797953 
19.085795, 2.002226 
30.066407, 1.598633 

0.001504, 0.000391 
0.461424, 0.140330 
-0.053782, 0.739992 
-0.860229, 0.533037 
0.047203, -1.525141 
3.793525, 3.561135 
9.117929, 2.851147 
19.081652, 2.041339 
30.064722, 1.629948 

0.001560, 0.000412 
0.330732, 0.333362 
-0.248744, 0.702227 
-0.937661, 0.381347 
0.186120, -1.514370 
3.741517, 3.615744 
9.101102, 2.904243 
19.077429, 2.080444 
30.063005, 1.661262 

0.001617, 0.000434 
0.105109, 0.430374 
-0.425796, 0.614248 
-0.988392, 0.218828 
0.323499, -1.490980 
3.688722, 3.669593 
9.083965, 2.957241 
19.073127, 2.119539 
30.061255, 1.692574 

0.001674, 0.000457 
-0.155934, 0.380236 
-0.572614, 0.482852 
-1.011000, 0.050107 
0.458197, -1.455161 
3.635152, 3.722670 
9.066518, 3.010138 
19.068744, 2.158626 
30.059473, 1.723884 

0.001733, 0.000482 
-0.349873, 0.168405 
-0.679141, 0.317613 
-1.004848, -0.120024 
0.589089, -1.407206 
3.580818, 3.774964 
9.048763, 3.062934 
19.064281, 2.197704 
30.057657, 1.755192 

0.001792, 0.000507 
-0.367892, -0.127443 
-0.738108, 0.130222 
-0.970100, -0.286731 
0.715083, -1.347509 
3.525732, 3.826464 
9.030699, 3.115625 
19.059738, 2.236772 
30.055809, 1.786498 

0.001851, 0.000532 
-0.203139, -0.360032 
-0.745409, -0.066226 
-0.907714, -0.445269 
0.835126, -1.276563 
3.469905, 3.877159 
9.012328, 3.168211 
19.055115, 2.275831 
30.053929, 1.817803 

0.001911, 0.000559 
0.046651, -0.443045 
-0.700331, -0.257995 
-0.819424, -0.591111 
0.948213, -1.194956 
3.413349, 3.927040 
8.993650, 3.220690 
19.050412, 2.314881 
30.052016, 1.849105 

0.001972, 0.000586 
0.281501, -0.377912 
-0.605654, -0.431503 
-0.707695, -0.720067 
1.053398, -1.103366 
3.356075, 3.976094 
8.974665, 3.273059 
19.045629, 2.353921 
30.050070, 1.880406 

0.002033, 0.000614 
0.436929, -0.205236 
-0.467585, -0.574154 
-0.575664, -0.828405 
1.149802, -1.002552 
3.298096, 4.024312 
8.955375, 3.325317 
19.040766, 2.392951 
30.048091, 1.911704 

0.002095, 0.000643 
0.476797, 0.022140 
-0.295522, -0.675199 
-0.427057, -0.912958 
1.236614, -0.893355 
3.239424, 4.071684 
8.935780, 3.377462 
19.035823, 2.431971 
30.046080, 1.943000 

0.002157, 0.000672 
0.385719, 0.243586 
-0.101585, -0.726571 
-0.266098, -0.971214 
1.313109, -0.776685 
3.180072, 4.118199 
8.915880, 3.429492 
19.030800, 2.470981 
30.044036, 1.974295 

0.002220, 0.000702 
0.173329, 0.388205 
0.100097, -0.723644 
-0.097390, -1.001401 
1.378644, -0.653515 
3.120051, 4.163848 
8.895677, 3.481407 
19.025697, 2.509981 
30.041959, 2.005587 

0.002284, 0.000733 
-0.105691, 0.381927 
0.294361, -0.665814 
0.074205, -1.002543 
1.432669, -0.524873 
3.059375, 4.208621 
8.875170, 3.533202 
19.020515, 2.548970 
30.039850, 2.036877 

0.002349, 0.000764 
-0.333321, 0.194222 
0.466195, -0.556792 
0.243709, -0.974504 
1.474731, -0.391833 
2.998056, 4.252509 
8.854362, 3.584878 
19.015252, 2.587949 
30.037708, 2.068164 

0.002414, 0.000796 
-0.390099, -0.091949 
0.602041, -0.404513 
0.406169, -0.917999 
1.504477, -0.255509 
2.936107, 4.295503 
8.833251, 3.636433 
19.009910, 2.626916 
30.035534, 2.099450 

0.002480, 0.000829 
-0.269795, -0.336277 
0.691075, -0.220591 
0.556807, -0.834590 
1.521657, -0.117039 
2.873540, 4.337593 
8.811840, 3.687864 
19.004488, 2.665873 
30.033327, 2.130733 

0.002547, 0.000863 
-0.050447, -0.457978 
0.726252, -0.019349 
0.691166, -0.726644 
1.526127, 0.022419 
2.810371, 4.378771 
8.790129, 3.739169 
18.998986, 2.704818 
30.031087, 2.162014 

0.002615, 0.000897 
0.184820, -0.441858 
0.704982, 0.183470 
0.805248, -0.597275 
1.517851, 0.161697 
2.746610, 4.419027 
8.768118, 3.790348 
18.993404, 2.743753 
30.028815, 2.193292 

0.002684, 0.000932 
0.370948, -0.306329 
0.629319, 0.372152 
0.895646, -0.450253 
1.496898, 0.299632 
2.682273, 4.458354 
8.745809, 3.841398 
18.987743, 2.782675 
30.026509, 2.224569 

0.002753, 0.000968 
0.458277, -0.088365 
0.505651, 0.532395 
0.959651, -0.289895 
1.463445, 0.435069 
2.617372, 4.496743 
8.723201, 3.892317 
18.982002, 2.821587 
30.024172, 2.255842 

0.002824, 0.001005 
0.410814, 0.156034 
0.343980, 0.652480 
0.995345, -0.120930 
1.417773, 0.566876 
2.551921, 4.534187 
8.700297, 3.943104 
18.976181, 2.860486 
30.021801, 2.287114 

0.002895, 0.001043 
0.218102, 0.345243 
0.156920, 0.724081 
1.001660, 0.051646 
1.360269, 0.693952 
2.485934, 4.570676 
8.677096, 3.993758 
18.970280, 2.899373 
30.019399, 2.318383 

0.002967, 0.001082 
-0.069831, 0.382154 
-0.041424, 0.742712 
0.978418, 0.222726 
1.291414, 0.815236 
2.419424, 4.606203 
8.653600, 4.044275 
18.964300, 2.938249 
30.016963, 2.349649 

0.003039, 0.001122 
-0.320865, 0.225912 
-0.236563, 0.707818 
0.926331, 0.387253 
1.211788, 0.929714 
2.352407, 4.640762 
8.629808, 4.094656 
18.958241, 2.977111 
30.014495, 2.380913 

0.003113, 0.001163 
-0.415465, -0.038894 
-0.414633, 0.622583 
0.846981, 0.540378 
1.122060, 1.036433 
2.284895, 4.674344 
8.605723, 4.144897 
18.952101, 3.015962 
30.011994, 2.412174 

0.003187, 0.001206 
-0.343422, -0.287752 
-0.563250, 0.493538 
0.742761, 0.677614 
1.022983, 1.134504 
2.216903, 4.706943 
8.581345, 4.194997 
18.945882, 3.054800 
30.009461, 2.443433 

0.003261, 0.001249 
-0.159735, -0.443534 
-0.672203, 0.330019 
0.616798, 0.794965 
0.915389, 1.223111 
2.148446, 4.738551 
8.556674, 4.244955 
18.939584, 3.093625 
30.006894, 2.474689 

0.003336, 0.001294 
0.069338, -0.475467 
-0.733997, 0.143548 
0.472849, 0.889048 
0.800180, 1.301517 
2.079537, 4.769163 
8.531712, 4.294768 
18.933206, 3.132437 
30.004296, 2.505942 

0.003411, 0.001340 
0.280891, -0.380837 
-0.744251, -0.052866 
0.315180, 0.957190 
0.678321, 1.369073 
2.010191, 4.798770 
8.506459, 4.344436 
18.926749, 3.171236 
30.001665, 2.537193 

0.003487, 0.001386 
0.414480, -0.178826 
-0.701969, -0.245470 
0.148432, 0.997496 
0.550832, 1.425220 
1.940424, 4.827368 
8.480917, 4.393956 
18.920212, 3.210022 
29.999001, 2.568440 

0.003563, 0.001434 
0.413470, 0.082206 
-0.609674, -0.420573 
-0.022522, 1.008895 
0.418780, 1.469496 
1.870248, 4.854951 
8.455085, 4.443327 
18.913595, 3.248794 
29.996304, 2.599685 

0.003640, 0.001483 
0.246085, 0.310455 
-0.473378, -0.565395 
-0.192720, 0.991164 
0.283267, 1.501537 
1.799680, 4.881511 
8.428965, 4.492546 
18.906900, 3.287553 
29.993575, 2.630928 

0.003717, 0.001533 
-0.039761, 0.387738 
-0.302362, -0.668957 
-0.357259, 0.944915 
0.145426, 1.521083 
1.728735, 4.907044 
8.402559, 4.541613 
18.900125, 3.326298 
29.990813, 2.662167 

0.003794, 0.001584 
-0.303684, 0.270292 
-0.108719, -0.722952 
-0.511430, 0.871572 
0.006406, 1.527977 
1.657426, 4.931545 
8.375865, 4.590526 
18.893270, 3.365029 
29.988019, 2.693404 

0.003872, 0.001636 
-0.433947, 0.036040 
0.093373, -0.722543 
-0.650847, 0.773319 
-0.132636, 1.522169 
1.585769, 4.955008 
8.348887, 4.639282 
18.886336, 3.403746 
29.985192, 2.724637 

0.003950, 0.001690 
-0.411215, -0.210233 
0.288646, -0.666963 
-0.771566, 0.653030 
-0.270540, 1.503714 
1.513780, 4.977428 
8.321624, 4.687881 
18.879323, 3.442449 
29.982333, 2.755868 

0.004028, 0.001744 
-0.267148, -0.394569 
0.461965, -0.559818 
-0.870187, 0.514182 
-0.406162, 1.472771 
1.441472, 4.998800 
8.294078, 4.736320 
18.872231, 3.481137 
29.979441, 2.787096 

0.004107, 0.001799 
-0.050597, -0.472973 
0.599659, -0.408985 
-0.943939, 0.360758 
-0.538373, 1.429605 
1.368863, 5.019120 
8.266249, 4.784599 
18.865059, 3.519811 
29.976516, 2.818320 

0.004186, 0.001855 
0.180787, -0.422638 
0.690803, -0.226043 
-0.990754, 0.197137 
-0.666078, 1.374580 
1.295966, 5.038384 
8.238138, 4.832714 
18.857809, 3.558470 
29.973559, 2.849542 

0.004266, 0.001912 
0.358387, -0.243019 
0.728274, -0.025285 
-1.009316, 0.027971 
-0.788216, 1.308159 
1.222797, 5.056588 
8.209747, 4.880666 
18.850479, 3.597115 
29.970569, 2.880760 

0.004345, 0.001970 
0.404682, 0.027421 
0.709399, 0.177590 
-0.999096, -0.141934 
-0.903777, 1.230899 
1.149372, 5.073727 
8.181076, 4.928451 
18.843070, 3.635744 
29.967547, 2.911976 

0.004426, 0.002029 
0.267410, 0.286191 
0.636122, 0.366916 
-0.960363, -0.307749 
-1.011803, 1.143445 
1.075706, 5.089797 
8.152126, 4.976069 
18.835582, 3.674358 
29.964492, 2.943188 

0.004506, 0.002089 
-0.003972, 0.400052 
0.514684, 0.528424 
-0.894183, -0.464751 
-1.111402, 1.046527 
1.001815, 5.104797 
8.122898, 5.023517 
18.828014, 3.712956 
29.961405, 2.974397 

0.004587, 0.002150 
-0.271375, 0.327150 
0.354907, 0.650379 
-0.802392, -0.608448 
-1.201749, 0.940952 
0.927714, 5.118722 
8.093394, 5.070795 
18.820368, 3.751539 
29.958284, 3.005603 

0.004669, 0.002213 
-0.433386, 0.130131 
0.169210, 0.724374 
-0.687551, -0.734704 
-1.282099, 0.827598 
0.853418, 5.131569 
8.063614, 5.117900 
18.812643, 3.790107 
29.955132, 3.036806 

0.004750, 0.002276 
-0.458967, -0.106727 
-0.028473, 0.745764 
-0.552885, -0.839854 
-1.351787, 0.707407 
0.778944, 5.143336 
8.033559, 5.164831 
18.804839, 3.828658 
29.951947, 3.068005 

0.004832, 0.002341 
-0.357568, -0.313736 
-0.223770, 0.713770 
-0.402200, -0.920812 
-1.410239, 0.581377 
0.704307, 5.154020 
8.003230, 5.211586 
18.796955, 3.867193 
29.948729, 3.099201 

0.004914, 0.002407 
-0.159705, -0.436609 
-0.402850, 0.631311 
-0.239783, -0.975162 
-1.456972, 0.450553 
0.629523, 5.163619 
7.972628, 5.258164 
18.788993, 3.905713 
29.945479, 3.130393 

0.004996, 0.002474 
0.085432, -0.433411 
-0.553267, 0.504646 
-0.070289, -1.001237 
-1.491600, 0.316019 
0.554607, 5.172131 
7.941755, 5.304564 
18.780952, 3.944216 
29.942196, 3.161583 

0.005078, 0.002542 
0.303229, -0.282059 
-0.664655, 0.342875 
0.101391, -0.998178 
-1.513838, 0.178891 
0.479576, 5.179554 
7.910611, 5.350782 
18.772833, 3.982702 
29.938881, 3.192769 

0.005160, 0.002612 
0.395003, -0.010410 
-0.729287, 0.157346 
0.270265, -0.965967 
-1.523500, 0.040303 
0.404445, 5.185886 
7.879198, 5.396819 
18.764634, 4.021172 
29.935533, 3.223951 

0.005243, 0.002682 
0.292344, 0.267735 
-0.742508, -0.039014 
0.431391, -0.905445 
-1.520507, -0.098595 
0.329230, 5.191127 
7.847516, 5.442672 
18.756357, 4.059625 
29.932152, 3.255130 

0.005325, 0.002753 
0.047244, 0.414379 
-0.703037, -0.232434 
0.580021, -0.818295 
-1.504883, -0.236655 
0.253947, 5.195274 
7.815566, 5.488340 
18.748000, 4.098060 
29.928739, 3.286305 

0.005408, 0.002825 
-0.215372, 0.389017 
-0.613142, -0.409112 
0.711753, -0.707001 
-1.476755, -0.372731 
0.178611, 5.198327 
7.783350, 5.533821 
18.739566, 4.136479 
29.925294, 3.317477 

0.005490, 0.002899 
-0.403754, 0.233804 
-0.478640, -0.556083 
0.822664, -0.574784 
-1.436353, -0.505697 
0.103240, 5.200285 
7.750869, 5.579113 
18.731052, 4.174881 
29.921816, 3.348645 

0.005573, 0.002973 
-0.475383, 0.012717 
-0.308703, -0.662138 
0.909442, -0.425505 
-1.384010, -0.634450 
0.027848, 5.201149 
7.718124, 5.624216 
18.722460, 4.213265 
29.918305, 3.379810 

0.005655, 0.003048 
-0.419135, -0.210959 
-0.115397, -0.718739 
0.969490, -0.263554 
-1.320156, -0.757922 
-0.047549, 5.200917 
7.685115, 5.669127 
18.713789, 4.251631 
29.914762, 3.410971 

0.005738, 0.003125 
-0.246050, -0.375773 
0.087048, -0.720840 
1.001012, -0.093711 
-1.245316, -0.875088 
-0.122934, 5.199589 
7.651845, 5.713846 
18.705040, 4.289979 
29.911187, 3.442128 

0.005821, 0.003202 
0.006189, -0.421473 
0.283269, -0.667520 
1.003072, 0.078999 
-1.160108, -0.984974 
-0.198292, 5.197167 
7.618314, 5.758369 
18.696212, 4.328310 
29.907579, 3.473281 

0.005904, 0.003280 
0.258287, -0.303052 
0.458016, -0.562284 
0.975626, 0.249467 
-1.065232, -1.086667 
-0.273607, 5.193650 
7.584523, 5.802697 
18.687306, 4.366622 
29.903938, 3.504431 

0.005987, 0.003359 
0.390914, -0.039623 
0.597510, -0.412948 
0.919519, 0.412660 
-0.961473, -1.179320 
-0.348863, 5.189039 
7.550473, 5.846827 
18.678321, 4.404917 
29.900265, 3.535577 

0.006071, 0.003439 
0.327457, 0.245702 
0.690741, -0.231052 
0.836455, 0.563777 
-0.849686, -1.262159 
-0.424044, 5.183334 
7.516167, 5.890759 
18.669258, 4.443192 
29.896560, 3.566719 

0.006154, 0.003520 
0.118083, 0.421036 
0.730509, -0.030844 
0.728943, 0.698397 
-0.730796, -1.334492 
-0.499134, 5.176539 
7.481603, 5.934489 
18.660116, 4.481449 
29.892821, 3.597857 

0.006238, 0.003602 
-0.132309, 0.443363 
0.714055, 0.172032 
0.600204, 0.812613 
-0.605786, -1.395713 
-0.574118, 5.168652 
7.446785, 5.978018 
18.650897, 4.519688 
29.889051, 3.628992 

0.006322, 0.003686 
-0.340863, 0.332892 
0.643206, 0.361967 
0.454076, 0.903143 
-0.475692, -1.445308 
-0.648979, 5.159677 
7.411713, 6.021343 
18.641598, 4.557907 
29.885248, 3.660122 

0.006406, 0.003770 
-0.455591, 0.133456 
0.524047, 0.524726 
0.294881, 0.967428 
-0.341591, -1.482858 
-0.723701, 5.149615 
7.376388, 6.064462 
18.632222, 4.596108 
29.881412, 3.691248 

0.006490, 0.003856 
-0.446557, -0.100720 
0.366207, 0.648557 
0.127297, 1.003690 
-0.204595, -1.508045 
-0.798270, 5.138468 
7.340812, 6.107376 
18.622767, 4.634289 
29.877544, 3.722371 

0.006575, 0.003943 
-0.304120, -0.304101 
0.181906, 0.724968 
-0.043787, 1.010981 
-0.065844, -1.520652 
-0.872669, 5.126239 
7.304986, 6.150081 
18.613234, 4.672450 
29.873644, 3.753489 

0.006659, 0.004032 
-0.051878, -0.398614 
-0.015097, 0.749147 
-0.213418, 0.989197 
0.073510, -1.520567 
-0.946882, 5.112929 
7.268910, 6.192577 
18.603623, 4.710592 
29.869711, 3.784604 

0.006743, 0.004122 
0.226085, -0.316196 
-0.210546, 0.720086 
-0.376715, 0.939065 
0.212308, -1.507785 
-1.020894, 5.098542 
7.232586, 6.234862 
18.593934, 4.748715 
29.865746, 3.815714 

0.006827, 0.004213 
0.393090, -0.071738 
-0.390640, 0.640433 
-0.529012, 0.862117 
0.349392, -1.482404 
-1.094690, 5.083081 
7.196016, 6.276935 
18.584167, 4.786817 
29.861748, 3.846820 

0.006911, 0.004305 
0.372683, 0.209572 
-0.542868, 0.516177 
-0.665984, 0.760632 
0.483621, -1.444629 
-1.168253, 5.066550 
7.159201, 6.318793 
18.574322, 4.824900 
29.857718, 3.877922 

0.006995, 0.004398 
0.205553, 0.408545 
-0.656704, 0.356178 
-0.783758, 0.637570 
0.613874, -1.394769 
-1.241568, 5.048950 
7.122141, 6.360437 
18.564399, 4.862962 
29.853655, 3.909020 

0.007078, 0.004493 
-0.025948, 0.476498 
-0.724191, 0.171615 
-0.879016, 0.496480 
0.739063, -1.333234 
-1.314619, 5.030287 
7.084838, 6.401864 
18.554398, 4.901004 
29.849560, 3.940113 

0.007161, 0.004589 
-0.248221, 0.412566 
-0.740397, -0.024666 
-0.949082, 0.341404 
0.858142, -1.260532 
-1.387392, 5.010563 
7.047294, 6.443072 
18.544319, 4.939025 
29.845432, 3.971203 

0.007243, 0.004686 
-0.402705, 0.240338 
-0.703760, -0.218878 
-0.991987, 0.176762 
0.970114, -1.177265 
-1.459870, 4.989784 
7.009510, 6.484061 
18.534162, 4.977026 
29.841272, 4.002288 

0.007325, 0.004784 
-0.442419, 0.002138 
-0.616295, -0.397106 
-1.006519, 0.007235 
1.074042, -1.084123 
-1.532039, 4.967953 
6.971486, 6.524829 
18.523927, 5.015006 
29.837079, 4.033368 

0.007407, 0.004884 
-0.335810, -0.235200 
-0.483628, -0.546203 
-0.992255, -0.162360 
1.169056, -0.981881 
-1.603883, 4.945076 
6.933225, 6.565375 
18.513615, 5.052965 
29.832854, 4.064444 

0.007488, 0.004984 
-0.090955, -0.375833 
-0.314819, -0.654736 
-0.949573, -0.327200 
1.254360, -0.871390 
-1.675387, 4.921156 
6.894727, 6.605697 
18.503225, 5.090903 
29.828597, 4.095516 

0.007569, 0.005085 
0.201782, -0.331238 
-0.121910, -0.713938 
-0.879646, -0.482583 
1.329237, -0.753570 
-1.746536, 4.896199 
6.855994, 6.645794 
18.492757, 5.128819 
29.824307, 4.126584 

0.007650, 0.005187 
0.396386, -0.116705 
0.080827, -0.718564 
-0.784413, -0.624055 
1.393061, -0.629405 
-1.817314, 4.870210 
6.817027, 6.685665 
18.482212, 5.166714 
29.819985, 4.157647 

0.007730, 0.005290 
0.420825, 0.151185 
0.277937, -0.667538 
-0.666532, -0.747534 
1.445296, -0.499931 
-1.887708, 4.843195 
6.777828, 6.725307 
18.471589, 5.204587 
29.815630, 4.188705 

0.007809, 0.005394 
0.299853, 0.367721 
0.454064, -0.564265 
-0.529316, -0.849425 
1.485503, -0.366229 
-1.957701, 4.815159 
6.738397, 6.764721 
18.460888, 5.242439 
29.811243, 4.219759 

0.007889, 0.005499 
0.093113, 0.477850 
0.595334, -0.416496 
-0.376650, -0.926726 
1.513346, -0.229417 
-2.027280, 4.786108 
6.698737, 6.803904 
18.450110, 5.280268 
29.806824, 4.250808 

0.007968, 0.005604 
-0.136440, 0.461544 
0.690655, -0.235717 
-0.212885, -0.977118 
1.528592, -0.090639 
-2.096429, 4.756049 
6.658848, 6.842854 
18.439254, 5.318075 
29.802372, 4.281853 

0.008047, 0.005711 
-0.326921, 0.321875 
0.732748, -0.036123 
-0.042723, -0.999045 
1.531113, 0.048945 
-2.165134, 4.724986 
6.618732, 6.881572 
18.428322, 5.355860 
29.797888, 4.312893 

0.008125, 0.005818 
-0.415948, 0.086449 
0.718764, 0.166709 
0.128914, -0.991764 
1.520890, 0.188168 
-2.233380, 4.692928 
6.578390, 6.920055 
18.417311, 5.393623 
29.793371, 4.343929 

0.008204, 0.005926 
-0.348929, -0.178646 
0.650404, 0.357231 
0.297028, -0.955381 
1.498009, 0.325866 
-2.301153, 4.659881 
6.537823, 6.958302 
18.406224, 5.431363 
29.788822, 4.374959 

0.008282, 0.006035 
-0.119206, -0.359652 
0.533581, 0.521243 
0.456689, -0.890863 
1.462663, 0.460888 
-2.368438, 4.625852 
6.497034, 6.996312 
18.395059, 5.469081 
29.784241, 4.405985 

0.008360, 0.006146 
0.175484, -0.354307 
0.377725, 0.646974 
0.603185, -0.800015 
1.415152, 0.592106 
-2.435222, 4.590847 
6.456023, 7.034083 
18.383816, 5.506775 
29.779627, 4.437006 

0.008437, 0.006257 
0.391301, -0.178851 
0.194851, 0.725833 
0.732173, -0.685436 
1.355875, 0.718425 
-2.501489, 4.554875 
6.414791, 7.071614 
18.372497, 5.544446 
29.774981, 4.468023 

0.008515, 0.006369 
0.459772, 0.067845 
-0.001457, 0.752836 
0.839811, -0.550452 
1.285331, 0.838790 
-2.567227, 4.517942 
6.373341, 7.108904 
18.361101, 5.582094 
29.770303, 4.499034 

0.008591, 0.006482 
0.386844, 0.295279 
-0.197057, 0.726735 
0.922883, -0.399014 
1.204114, 0.952197 
-2.632421, 4.480057 
6.331673, 7.145952 
18.349627, 5.619719 
29.765592, 4.530041 

0.008668, 0.006597 
0.210039, 0.443404 
-0.378173, 0.649908 
0.978908, -0.235578 
1.112906, 1.057703 
-2.697057, 4.441228 
6.289789, 7.182756 
18.338077, 5.657320 
29.760849, 4.561043 

0.008744, 0.006712 
-0.020329, 0.475344 
-0.532221, 0.528066 
1.006215, -0.064975 
1.012473, 1.154429 
-2.761122, 4.401462 
6.247691, 7.219315 
18.326449, 5.694898 
29.756073, 4.592040 

0.008820, 0.006828 
-0.242385, 0.373285 
-0.648512, 0.369838 
1.004001, 0.107752 
0.903657, 1.241571 
-2.824602, 4.360769 
6.205379, 7.255628 
18.314744, 5.732451 
29.751265, 4.623031 

0.008895, 0.006946 
-0.379661, 0.147548 
-0.718852, 0.186234 
0.972356, 0.277494 
0.787371, 1.318408 
-2.887484, 4.319156 
6.162856, 7.291693 
18.302963, 5.769981 
29.746425, 4.654018 

0.008970, 0.007065 
-0.353931, -0.137172 
-0.738034, -0.009973 
0.912255, 0.439247 
0.664589, 1.384302 
-2.949754, 4.276633 
6.120122, 7.327510 
18.291105, 5.807487 
29.741553, 4.685000 

0.009044, 0.007184 
-0.147837, -0.350205 
-0.704214, -0.204969 
0.825525, 0.588260 
0.536337, 1.438711 
-3.011399, 4.233208 
6.077179, 7.363076 
18.279170, 5.844968 
29.736648, 4.715977 

0.009118, 0.007305 
0.136353, -0.385326 
-0.619160, -0.384726 
0.714783, 0.720184 
0.403689, 1.481186 
-3.072406, 4.188891 
6.034029, 7.398392 
18.267158, 5.882424 
29.731711, 4.746948 

0.009191, 0.007426 
0.366977, -0.255153 
-0.488320, -0.535910 
0.583345, 0.831203 
0.267752, 1.511381 
-3.132762, 4.143690 
5.990673, 7.433455 
18.255069, 5.919856 
29.726741, 4.777915 

0.009263, 0.007548 
0.476449, -0.036066 
-0.320649, -0.646872 
0.435120, 0.918139 
0.129660, 1.529050 
-3.192455, 4.097617 
5.947113, 7.468264 
18.242904, 5.957263 
29.721739, 4.808876 

0.009335, 0.007672 
0.452063, 0.195518 
-0.128172, -0.708624 
0.274486, 0.978544 
-0.009435, 1.534053 
-3.251471, 4.050679 
5.903349, 7.502819 
18.230662, 5.994646 
29.716705, 4.839832 

0.009406, 0.007796 
0.309872, 0.377119 
0.074794, -0.715735 
0.106152, 1.010761 
-0.148375, 1.526356 
-3.309798, 4.002887 
5.859384, 7.537117 
18.218344, 6.032003 
29.711639, 4.870783 

0.009476, 0.007921 
0.085276, 0.457434 
0.272712, -0.666991 
-0.064981, 1.013960 
-0.286004, 1.506030 
-3.367424, 3.954251 
5.815219, 7.571159 
18.205949, 6.069335 
29.706540, 4.901729 

0.009546, 0.008046 
-0.163004, 0.397299 
0.450135, -0.565701 
-0.233969, 0.988154 
-0.421178, 1.473250 
-3.424337, 3.904782 
5.770856, 7.604941 
18.193478, 6.106641 
29.701409, 4.932669 

0.009616, 0.008173 
-0.345120, 0.187906 
0.593109, -0.419549 
-0.395960, 0.934185 
-0.552774, 1.428296 
-3.480524, 3.854490 
5.726295, 7.638465 
18.180930, 6.143922 
29.696246, 4.963604 

0.009685, 0.008301 
-0.360279, -0.106079 
0.690474, -0.239965 
-0.546333, 0.853689 
-0.679700, 1.371547 
-3.535974, 3.803385 
5.681539, 7.671728 
18.168306, 6.181177 
29.691050, 4.994533 

0.009753, 0.008429 
-0.186860, -0.341761 
0.734883, -0.041068 
-0.680821, 0.749040 
-0.800903, 1.303481 
-3.590674, 3.751478 
5.636589, 7.704728 
18.155606, 6.218406 
29.685822, 5.025458 

0.009821, 0.008558 
0.076399, -0.417424 
0.723392, 0.161645 
-0.795625, 0.623280 
-0.915381, 1.224669 
-3.644614, 3.698781 
5.591447, 7.737466 
18.142830, 6.255609 
29.680562, 5.056376 

0.009888, 0.008688 
0.315070, -0.335773 
0.657564, 0.352701 
-0.887511, 0.480030 
-1.022184, 1.135768 
-3.697782, 3.645303 
5.546113, 7.769940 
18.129977, 6.292786 
29.675270, 5.087289 

0.009954, 0.008819 
0.461064, -0.149515 
0.543132, 0.517943 
-0.953894, 0.323386 
-1.120430, 1.037523 
-3.750166, 3.591058 
5.500591, 7.802149 
18.117048, 6.329937 
29.669945, 5.118197 

0.010020, 0.008951 
0.484869, 0.079630 
0.389311, 0.645575 
-0.992906, 0.157810 
-1.209306, 0.930751 
-3.801755, 3.536055 
5.454880, 7.834091 
18.104043, 6.367061 
29.664588, 5.149099 

0.010085, 0.009084 
0.381650, 0.289869 
0.207902, 0.726903 
-1.003439, -0.011992 
-1.288078, 0.816340 
-3.852539, 3.480307 
5.408983, 7.865765 
18.090962, 6.404158 
29.659199, 5.179996 

0.010149, 0.009218 
0.169558, 0.417837 
0.012308, 0.756762 
-0.985176, -0.181194 
-1.356095, 0.695243 
-3.902506, 3.423826 
5.362902, 7.897171 
18.077806, 6.441228 
29.653778, 5.210887 

0.010213, 0.009352 
-0.098452, 0.402473 
-0.183440, 0.733655 
-0.938606, -0.344980 
-1.412796, 0.568464 
-3.951646, 3.366623 
5.316637, 7.928308 
18.064573, 6.478272 
29.648324, 5.241772 

0.010276, 0.009488 
-0.319057, 0.215612 
-0.365588, 0.659681 
-0.865005, -0.498669 
-1.457713, 0.437056 
-3.999949, 3.308710 
5.270191, 7.959174 
18.051264, 6.515288 
29.642839, 5.272652 

0.010338, 0.009624 
-0.373449, -0.075278 
-0.521474, 0.540274 
-0.766415, -0.637850 
-1.490476, 0.302110 
-4.047405, 3.250100 
5.223565, 7.989768 
18.037880, 6.552277 
29.637321, 5.303526 

0.010399, 0.009761 
-0.240788, -0.324788 
-0.640238, 0.383828 
-0.645593, -0.758496 
-1.510813, 0.164743 
-4.094002, 3.190805 
5.176760, 8.020089 
18.024420, 6.589239 
29.631770, 5.334394 

0.010459, 0.009899 
-0.006586, -0.439055 
-0.713447, 0.201190 
-0.505937, -0.857086 
-1.518557, 0.026094 
-4.139732, 3.130838 
5.129779, 8.050136 
18.010884, 6.626173 
29.626188, 5.365256 

0.010518, 0.010038 
0.233178, -0.406790 
-0.735613, 0.005065 
-0.351409, -0.930702 
-1.513644, -0.112687 
-4.184584, 3.070211 
5.082623, 8.079908 
17.997272, 6.663079 
29.620573, 5.396113 

0.010576, 0.010177 
0.410495, -0.257621 
-0.704617, -0.190705 
-0.186420, -0.977127 
-1.496114, -0.250451 
-4.228550, 3.008937 
5.035293, 8.109405 
17.983585, 6.699957 
29.614926, 5.426963 

0.010634, 0.010317 
0.481642, -0.037358 
-0.621984, -0.371970 
-0.015718, -0.994914 
-1.466109, -0.386056 
-4.271619, 2.947029 
4.987790, 8.138624 
17.969823, 6.736808 
29.609247, 5.457808 

0.010690, 0.010458 
0.421396, 0.196205 
-0.492985, -0.525215 
0.155751, -0.983438 
-1.423878, -0.518378 
-4.313782, 2.884500 
4.940118, 8.167565 
17.955985, 6.773630 
29.603536, 5.488647 

0.010745, 0.010599 
0.228415, 0.369739 
-0.326484, -0.638574 
0.322982, -0.942931 
-1.369767, -0.646319 
-4.355032, 2.821364 
4.892277, 8.196228 
17.942071, 6.810423 
29.597792, 5.519480 

0.010800, 0.010740 
-0.051555, 0.399747 
-0.134486, -0.702850 
0.481063, -0.874482 
-1.304222, -0.768818 
-4.395358, 2.757634 
4.844269, 8.224610 
17.928082, 6.847188 
29.592017, 5.550307 

0.010853, 0.010882 
-0.301345, 0.241464 
0.068646, -0.712434 
0.625322, -0.780018 
-1.227784, -0.884857 
-4.434752, 2.693322 
4.796095, 8.252712 
17.914018, 6.883925 
29.586209, 5.581128 

0.010906, 0.011025 
-0.393079, -0.033555 
0.267301, -0.665982 
0.751478, -0.662251 
-1.141081, -0.993472 
-4.473207, 2.628444 
4.747757, 8.280531 
17.899879, 6.920632 
29.580369, 5.611943 

0.010958, 0.011168 
-0.306716, -0.288920 
0.445953, -0.566712 
0.855770, -0.524608 
-1.044829, -1.093759 
-4.510713, 2.563012 
4.699258, 8.308068 
17.885664, 6.957311 
29.574497, 5.642752 

0.011009, 0.011311 
-0.107685, -0.437853 
0.590580, -0.422241 
0.935084, -0.371124 
-0.939822, -1.184883 
-4.547262, 2.497040 
4.650597, 8.335320 
17.871375, 6.993960 
29.568593, 5.673555 

0.011060, 0.011455 
0.126383, -0.454200 
0.689966, -0.243925 
0.987052, -0.206323 
-0.826929, -1.266082 
-4.582848, 2.430543 
4.601778, 8.362288 
17.857010, 7.030580 
29.562656, 5.704351 

0.011110, 0.011599 
0.329531, -0.345704 
0.736696, -0.045803 
1.010131, -0.035076 
-0.707081, -1.336678 
-4.617462, 2.363534 
4.552802, 8.388970 
17.842571, 7.067171 
29.556688, 5.735142 

0.011159, 0.011743 
0.446708, -0.140737 
0.727730, 0.156725 
1.003647, 0.137553 
-0.581271, -1.396079 
-4.651097, 2.296028 
4.503670, 8.415365 
17.828056, 7.103731 
29.550687, 5.765926 

0.011207, 0.011889 
0.432699, 0.110157 
0.664486, 0.348272 
0.967824, 0.306463 
-0.450541, -1.443785 
-4.683746, 2.228039 
4.454384, 8.441473 
17.813467, 7.140263 
29.544655, 5.796704 

0.011255, 0.012034 
0.264800, 0.325173 
0.552504, 0.514722 
0.903764, 0.466679 
-0.315974, -1.479394 
-4.715402, 2.159581 
4.404946, 8.467293 
17.798802, 7.176764 
29.538590, 5.827475 

0.011302, 0.012181 
-0.017832, 0.398490 
0.400774, 0.644258 
0.813416, 0.613505 
-0.178687, -1.502601 
-4.746058, 2.090668 
4.355358, 8.492822 
17.784063, 7.213235 
29.532493, 5.858241 

0.011349, 0.012328 
-0.285633, 0.275151 
0.220874, 0.728077 
0.699500, 0.742664 
-0.039820, -1.513206 
-4.775707, 2.021316 
4.305621, 8.518062 
17.769250, 7.249676 
29.526363, 5.889000 

0.011395, 0.012475 
-0.412501, 0.027089 
0.026023, 0.760825 
0.565426, 0.850430 
0.099473, -1.511114 
-4.804344, 1.951540 
4.255736, 8.543010 
17.754361, 7.286086 
29.520202, 5.919752 

0.011439, 0.012624 
-0.374941, -0.226642 
-0.169861, 0.740750 
0.415173, 0.933730 
0.238031, -1.496334 
-4.831962, 1.881353 
4.205707, 8.567667 
17.739399, 7.322466 
29.514009, 5.950499 

0.011483, 0.012773 
-0.215541, -0.404922 
-0.353045, 0.669664 
0.253172, 0.990227 
0.374701, -1.468982 
-4.858555, 1.810770 
4.155533, 8.592030 
17.724361, 7.358816 
29.507784, 5.981238 

0.011526, 0.012922 
0.006398, -0.468136 
-0.510783, 0.552722 
0.084162, 1.018383 
0.508343, -1.429279 
-4.884118, 1.739808 
4.105218, 8.616100 
17.709249, 7.395134 
29.501526, 6.011972 

0.011568, 0.013073 
0.229700, -0.403469 
-0.632041, 0.398078 
-0.086949, 1.017488 
0.637840, -1.377547 
-4.908645, 1.668480 
4.054762, 8.639875 
17.694063, 7.431422 
29.495237, 6.042698 

0.011609, 0.013224 
0.390893, -0.220203 
-0.708140, 0.216420 
-0.255223, 0.987673 
0.762112, -1.314213 
-4.932131, 1.596802 
4.004168, 8.663355 
17.678803, 7.467678 
29.488915, 6.073418 

0.011649, 0.013375 
0.424997, 0.041280 
-0.733313, 0.020385 
-0.415841, 0.929891 
0.880119, -1.239798 
-4.954571, 1.524789 
3.953437, 8.686539 
17.663468, 7.503903 
29.482561, 6.104132 

0.011688, 0.013527 
0.287039, 0.291147 
-0.705160, -0.176152 
-0.564227, 0.845882 
0.990873, -1.154917 
-4.975961, 1.452456 
3.902571, 8.709425 
17.648059, 7.540096 
29.476176, 6.134839 

0.011726, 0.013680 
0.012751, 0.403563 
-0.624968, -0.358917 
-0.696175, 0.738114 
1.093446, -1.060275 
-4.996294, 1.379818 
3.851571, 8.732014 
17.632576, 7.576258 
29.469758, 6.165539 

0.011763, 0.013833 
-0.262050, 0.321264 
-0.497836, -0.514212 
-0.807961, 0.609712 
1.186978, -0.956657 
-5.015568, 1.306892 
3.800440, 8.754304 
17.617019, 7.612388 
29.463308, 6.196233 

0.011798, 0.013986 
-0.420701, 0.108553 
-0.332537, -0.629957 
-0.896436, 0.464364 
1.270685, -0.844925 
-5.033778, 1.233692 
3.749179, 8.776295 
17.601388, 7.648487 
29.456826, 6.226920 

0.011832, 0.014140 
-0.431825, -0.136414 
-0.141065, -0.696752 
-0.959112, 0.306222 
1.343863, -0.726011 
-5.050921, 1.160234 
3.697790, 8.797985 
17.585683, 7.684553 
29.450312, 6.257600 

0.011866, 0.014293 
-0.315254, -0.338049 
0.062178, -0.708818 
-0.994218, 0.139786 
1.405900, -0.600905 
-5.066991, 1.086533 
3.646274, 8.819375 
17.569904, 7.720587 
29.443767, 6.288274 

0.011898, 0.014447 
-0.111562, -0.445843 
0.261509, -0.664686 
-1.000753, -0.030213 
1.456272, -0.470652 
-5.081987, 1.012606 
3.594634, 8.840463 
17.554051, 7.756588 
29.437189, 6.318940 

0.011929, 0.014602 
0.125894, -0.427758 
0.441335, -0.567488 
-0.978509, -0.198943 
1.494558, -0.336339 
-5.095905, 0.938468 
3.542871, 8.861248 
17.538125, 7.792557 
29.430579, 6.349600 

0.011959, 0.014756 
0.327961, -0.272314 
0.587578, -0.424766 
-0.928082, -0.361595 
1.520436, -0.199090 
-5.108742, 0.864133 
3.490987, 8.881731 
17.522125, 7.828494 
29.423937, 6.380253 

0.011988, 0.014911 
0.409827, -0.007676 
0.688969, -0.247796 
-0.850856, -0.513517 
1.533687, -0.060050 
-5.120495, 0.789620 
3.438984, 8.901909 
17.506051, 7.864397 
29.417263, 6.410899 

0.012016, 0.015065 
0.305587, 0.267528 
0.738031, -0.050521 
-0.748976, -0.650338 
1.534202, 0.079617 
-5.131162, 0.714942 
3.386863, 8.921783 
17.489904, 7.900268 
29.410557, 6.441538 

0.012043, 0.015220 
0.051657, 0.414003 
0.731618, 0.151767 
-0.625292, -0.768093 
1.521976, 0.218744 
-5.140740, 0.640116 
3.334626, 8.941352 
17.473683, 7.936106 
29.403819, 6.472170 

0.012069, 0.015375 
-0.220493, 0.377077 
0.670994, 0.343767 
-0.483290, -0.863334 
1.497113, 0.356168 
-5.149227, 0.565158 
3.282276, 8.960615 
17.457389, 7.971910 
29.397050, 6.502795 

0.012094, 0.015530 
-0.406076, 0.205512 
0.561496, 0.511410 
-0.327004, -0.933233 
1.459822, 0.490740 
-5.156622, 0.490084 
3.229813, 8.979571 
17.441022, 8.007681 
29.390248, 6.533413 

0.012119, 0.015685 
-0.463919, -0.024088 
0.411882, 0.642847 
-0.160907, -0.975676 
1.410418, 0.621336 
-5.162923, 0.414909 
3.177240, 8.998220 
17.424581, 8.043418 
29.383414, 6.564024 

0.012142, 0.015841 
-0.392506, -0.242887 
0.233505, 0.729160 
0.010215, -0.989327 
1.349317, 0.746867 
-5.168128, 0.339650 
3.124558, 9.016561 
17.408067, 8.079121 
29.376548, 6.594628 

0.012165, 0.015997 
-0.212991, -0.392568 
0.039401, 0.764797 
0.181392, -0.973683 
1.277032, 0.866283 
-5.172237, 0.264322 
3.071770, 9.034594 
17.391480, 8.114791 
29.369651, 6.625224 

0.012186, 0.016153 
0.032169, -0.423127 
-0.156621, 0.747750 
0.347620, -0.929098 
1.194171, 0.978591 
-5.175248, 0.188942 
3.018877, 9.052317 
17.374820, 8.150427 
29.362721, 6.655814 

0.012207, 0.016309 
0.270372, -0.300774 
-0.340838, 0.679541 
0.504007, -0.856785 
1.101431, 1.082855 
-5.177161, 0.113525 
2.965880, 9.069731 
17.358087, 8.186028 
29.355760, 6.686396 

0.012226, 0.016465 
0.396797, -0.041134 
-0.500420, 0.565050 
0.645927, -0.758790 
0.999590, 1.178209 
-5.177976, 0.038088 
2.912782, 9.086834 
17.341281, 8.221595 
29.348766, 6.716971 

0.012244, 0.016621 
0.329637, 0.247500 
-0.624156, 0.412198 
0.769163, -0.637936 
0.889502, 1.263860 
-5.177691, -0.037354 
2.859585, 9.103626 
17.324402, 8.257128 
29.341741, 6.747539 

0.012262, 0.016778 
0.107091, 0.423103 
-0.703122, 0.231517 
0.870040, -0.497749 
0.772090, 1.339098 
-5.176308, -0.112785 
2.806289, 9.120106 
17.307451, 8.292626 
29.334684, 6.778099 

0.012278, 0.016934 
-0.154096, 0.433139 
-0.731275, 0.035582 
0.945546, -0.342343 
0.648337, 1.403303 
-5.173827, -0.188188 
2.752898, 9.136274 
17.290426, 8.328089 
29.327595, 6.808652 

0.012294, 0.017091 
-0.360599, 0.306374 
-0.705943, -0.161693 
0.993431, -0.176305 
0.519278, 1.455944 
-5.170247, -0.263547 
2.699413, 9.152130 
17.273330, 8.363518 
29.320474, 6.839198 

0.012308, 0.017248 
-0.462107, 0.098154 
-0.628182, -0.345918 
1.012277, -0.004542 
0.385992, 1.496591 
-5.165570, -0.338847 
2.645836, 9.167672 
17.256160, 8.398911 
29.313321, 6.869736 

0.012321, 0.017405 
-0.437642, -0.131550 
-0.502929, -0.503213 
1.001542, 0.167865 
0.249591, 1.524910 
-5.159797, -0.414072 
2.592168, 9.182900 
17.238918, 8.434269 
29.306136, 6.900267 

0.012333, 0.017561 
-0.288102, -0.319849 
-0.338869, -0.621296 
0.961580, 0.335827 
0.111214, 1.540675 
-5.152929, -0.489205 
2.538412, 9.197814 
17.221604, 8.469592 
29.298920, 6.930790 

0.012344, 0.017718 
-0.042129, -0.399845 
-0.147983, -0.690576 
0.893619, 0.494401 
-0.027987, 1.543760 
-5.144968, -0.564231 
2.484569, 9.212413 
17.204217, 8.504879 
29.291671, 6.961306 

0.012354, 0.017874 
0.225436, -0.314327 
0.055294, -0.705118 
0.799724, 0.638948 
-0.166854, 1.534149 
-5.135914, -0.639133 
2.430641, 9.226697 
17.186758, 8.540130 
29.284391, 6.991814 

0.012363, 0.018031 
0.390403, -0.068859 
0.255223, -0.663333 
0.682720, 0.765268 
-0.304231, 1.511929 
-5.125770, -0.713897 
2.376630, 9.240664 
17.169227, 8.575346 
29.277079, 7.022315 

0.012372, 0.018187 
0.363653, 0.220674 
0.436160, -0.568263 
0.546101, 0.869725 
-0.438977, 1.477291 
-5.114539, -0.788505 
2.322538, 9.254315 
17.151623, 8.610526 
29.269735, 7.052808 

0.012379, 0.018343 
0.180918, 0.420294 
0.583981, -0.427367 
0.393918, 0.949349 
-0.569975, 1.430531 
-5.102222, -0.862943 
2.268366, 9.267649 
17.133948, 8.645669 
29.262359, 7.083293 

0.012385, 0.018499 
-0.062065, 0.476228 
0.687373, -0.251829 
0.230648, 1.001920 
-0.696137, 1.372044 
-5.088822, -0.937194 
2.214117, 9.280666 
17.116201, 8.680777 
29.254952, 7.113771 

0.012391, 0.018655 
-0.282954, 0.396316 
0.738793, -0.055476 
0.061056, 1.026015 
-0.816420, 1.302322 
-5.074341, -1.011242 
2.159792, 9.293365 
17.098381, 8.715848 
29.247512, 7.144241 

0.012396, 0.018811 
-0.424517, 0.214968 
0.734982, 0.146513 
-0.109941, 1.021043 
-0.929826, 1.221948 
-5.058784, -1.085073 
2.105394, 9.305746 
17.080490, 8.750882 
29.240041, 7.174703 

0.012400, 0.018967 
-0.448359, -0.019233 
0.677038, 0.338935 
-0.277420, 0.987251 
-1.035419, 1.131596 
-5.042153, -1.158669 
2.050924, 9.317807 
17.062527, 8.785880 
29.232538, 7.205158 

0.012403, 0.019123 
-0.334206, -0.241993 
0.570080, 0.507761 
-0.436593, 0.925701 
-1.132326, 1.032018 
-5.024452, -1.232016 
1.996384, 9.329550 
17.044493, 8.820841 
29.225003, 7.235605 

0.012405, 0.019278 
-0.094518, -0.370181 
0.422628, 0.641107 
-0.582931, 0.838236 
-1.219746, 0.924044 
-5.005684, -1.305099 
1.941775, 9.340973 
17.026387, 8.855765 
29.217437, 7.266044 

0.012406, 0.019434 
0.193211, -0.323381 
0.245804, 0.729933 
-0.712293, 0.727415 
-1.296957, 0.808573 
-4.985854, -1.377901 
1.887100, 9.352076 
17.008209, 8.890651 
29.209838, 7.296475 

0.012406, 0.019590 
0.389016, -0.102291 
0.052463, 0.768479 
-0.821028, 0.596443 
-1.363323, 0.686564 
-4.964965, -1.450407 
1.832361, 9.362859 
16.989960, 8.925501 
29.202208, 7.326898 

0.012405, 0.019746 
0.405097, 0.176963 
-0.143690, 0.754474 
-0.906076, 0.449074 
-1.418296, 0.559030 
-4.943022, -1.522601 
1.777559, 9.373321 
16.971639, 8.960313 
29.194546, 7.357313 

0.012403, 0.019902 
0.267601, 0.394731 
-0.328941, 0.689152 
-0.965039, 0.289511 
-1.461422, 0.427030 
-4.920030, -1.594469 
1.722697, 9.383461 
16.953247, 8.995088 
29.186853, 7.387720 

0.012400, 0.020057 
0.049094, 0.493513 
-0.490367, 0.577114 
-0.996249, 0.122292 
-1.492346, 0.291658 
-4.895994, -1.665995 
1.667776, 9.393280 
16.934784, 9.029824 
29.179128, 7.418119 

0.012396, 0.020213 
-0.179556, 0.461433 
-0.616575, 0.426053 
-0.998810, -0.047831 
-1.510812, 0.154036 
-4.870919, -1.737164 
1.612798, 9.402778 
16.916250, 9.064523 
29.171370, 7.448510 

0.012391, 0.020369 
-0.357207, 0.312122 
-0.698396, 0.246350 
-0.972622, -0.216020 
-1.516669, 0.015305 
-4.844809, -1.807961 
1.557765, 9.411953 
16.897644, 9.099184 
29.163582, 7.478893 

0.012384, 0.020524 
-0.430078, 0.080097 
-0.729512, 0.050525 
-0.918386, -0.377477 
-1.509868, -0.123385 
-4.817671, -1.878371 
1.502679, 9.420805 
16.878968, 9.133807 
29.155761, 7.509268 

0.012376, 0.020679 
-0.355781, -0.171743 
-0.706986, -0.147470 
-0.837594, -0.527579 
-1.490465, -0.260884 
-4.789510, -1.948379 
1.447541, 9.429335 
16.860221, 9.168391 
29.147909, 7.539635 

0.012368, 0.020834 
-0.129475, -0.344133 
-0.631651, -0.333122 
-0.732490, -0.661998 
-1.458619, -0.396052 
-4.760332, -2.017970 
1.392354, 9.437541 
16.841403, 9.202937 
29.140025, 7.569994 

0.012358, 0.020988 
0.166762, -0.336582 
-0.508287, -0.492377 
-0.606019, -0.776828 
-1.414592, -0.527769 
-4.730144, -2.087128 
1.337120, 9.445424 
16.822514, 9.237445 
29.132110, 7.600344 

0.012347, 0.021142 
0.385648, -0.149903 
-0.345501, -0.612760 
-0.461754, -0.868697 
-1.358747, -0.654941 
-4.698952, -2.155841 
1.281840, 9.452983 
16.803554, 9.271913 
29.124162, 7.630686 

0.012334, 0.021296 
0.444942, 0.109900 
-0.155258, -0.684502 
-0.303798, -0.934870 
-1.291545, -0.776513 
-4.666762, -2.224093 
1.226517, 9.460219 
16.784524, 9.306343 
29.116183, 7.661020 

0.012321, 0.021448 
0.355533, 0.339246 
0.047978, -0.701519 
-0.136682, -0.973333 
-1.213539, -0.891474 
-4.633581, -2.291869 
1.171152, 9.467130 
16.765424, 9.340734 
29.108173, 7.691346 

0.012307, 0.021601 
0.166859, 0.476678 
0.248430, -0.662115 
0.034767, -0.982864 
-1.125373, -0.998868 
-4.599417, -2.359155 
1.115747, 9.473716 
16.746252, 9.375085 
29.100131, 7.721663 

0.012292, 0.021752 
-0.063025, 0.492772 
0.430414, -0.569240 
0.205559, -0.963081 
-1.027775, -1.097801 
-4.564276, -2.425937 
1.060304, 9.479978 
16.727011, 9.409397 
29.092057, 7.751972 

0.012276, 0.021903 
-0.272369, 0.380411 
0.579779, -0.430261 
0.370692, -0.914462 
-0.921553, -1.187448 
-4.528166, -2.492201 
1.004824, 9.485914 
16.707699, 9.443670 
29.083951, 7.782272 

0.012259, 0.022054 
-0.393883, 0.157427 
0.685175, -0.256251 
0.525298, -0.838345 
-0.807583, -1.267061 
-4.491095, -2.557933 
0.949311, 9.491526 
16.688317, 9.477903 
29.075814, 7.812564 

0.012241, 0.022204 
-0.362188, -0.116624 
0.738990, -0.060909 
0.664797, -0.736894 
-0.686809, -1.335973 
-4.453071, -2.623118 
0.893766, 9.496811 
16.668865, 9.512097 
29.067645, 7.842848 

0.012223, 0.022353 
-0.156464, -0.326150 
0.737845, 0.140717 
0.785039, -0.613043 
-0.560231, -1.393606 
-4.414101, -2.687743 
0.838190, 9.501772 
16.649343, 9.546250 
29.059445, 7.873123 

0.012204, 0.022502 
0.135281, -0.357958 
0.682656, 0.333528 
0.882440, -0.470414 
-0.428900, -1.439476 
-4.374193, -2.751794 
0.782586, 9.506406 
16.629751, 9.580364 
29.051213, 7.903390 

0.012184, 0.022651 
0.370050, -0.213643 
0.578311, 0.503536 
0.954093, -0.313201 
-0.293903, -1.473195 
-4.333358, -2.815258 
0.726955, 9.510715 
16.610089, 9.614437 
29.042949, 7.933648 

0.012164, 0.022798 
0.470507, 0.019356 
0.433080, 0.638813 
0.997866, -0.146047 
-0.156362, -1.494476 
-4.291602, -2.878121 
0.671299, 9.514697 
16.590357, 9.648470 
29.034654, 7.963897 

0.012142, 0.022946 
0.430082, 0.253412 
0.257850, 0.730187 
1.012467, 0.026104 
-0.017421, -1.503134 
-4.248935, -2.940370 
0.615621, 9.518353 
16.570555, 9.682462 
29.026327, 7.994138 

0.012121, 0.023093 
0.275871, 0.424723 
0.065290, 0.771682 
0.997488, 0.198160 
0.121765, -1.499090 
-4.205366, -3.001992 
0.559922, 9.521682 
16.550684, 9.716414 
29.017969, 8.024370 

0.012098, 0.023240 
0.051285, 0.488871 
-0.130993, 0.760756 
0.953413, 0.365048 
0.260037, -1.482371 
-4.160904, -3.062973 
0.504204, 9.524685 
16.530743, 9.750325 
29.009579, 8.054593 

0.012075, 0.023386 
-0.184670, 0.417940 
-0.317288, 0.698346 
0.881596, 0.521861 
0.396241, -1.453108 
-4.115558, -3.123301 
0.448470, 9.527361 
16.510733, 9.784196 
29.001158, 8.084808 

0.012051, 0.023532 
-0.352675, 0.210740 
-0.480571, 0.588777 
0.784217, 0.664020 
0.529243, -1.411540 
-4.069339, -3.182962 
0.392720, 9.529711 
16.490654, 9.818025 
28.992705, 8.115014 

0.012026, 0.023677 
-0.364006, -0.076879 
-0.609263, 0.439514 
0.664201, 0.787404 
0.657931, -1.358005 
-4.022256, -3.241945 
0.336957, 9.531733 
16.470505, 9.851813 
28.984221, 8.145211 

0.012000, 0.023822 
-0.186613, -0.314031 
-0.693946, 0.260796 
0.525128, 0.888471 
0.781230, -1.292944 
-3.974319, -3.300236 
0.281183, 9.533429 
16.450287, 9.885559 
28.975705, 8.175399 

0.011974, 0.023967 
0.088442, -0.385053 
-0.728028, 0.065090 
0.371112, 0.964358 
0.898107, -1.216893 
-3.925538, -3.357824 
0.225399, 9.534797 
16.429999, 9.919265 
28.967157, 8.205578 

0.011946, 0.024111 
0.332081, -0.288039 
-0.708308, -0.133607 
0.206674, 1.012957 
1.007585, -1.130482 
-3.875923, -3.414696 
0.169609, 9.535839 
16.409643, 9.952928 
28.958578, 8.235749 

0.011918, 0.024255 
0.469718, -0.087669 
-0.635404, -0.320658 
0.036605, 1.032965 
1.108746, -1.034428 
-3.825486, -3.470839 
0.113812, 9.536553 
16.389218, 9.986550 
28.949968, 8.265910 

0.011889, 0.024398 
0.477904, 0.144350 
-0.513946, -0.481838 
-0.134175, 1.023908 
1.200742, -0.929529 
-3.774236, -3.526244 
0.058013, 9.536940 
16.368724, 10.020130 
28.941326, 8.296063 

0.011859, 0.024541 
0.362299, 0.344504 
-0.352467, -0.604489 
-0.300762, 0.986147 
1.282801, -0.816657 
-3.722185, -3.580896 
0.002211, 9.537000 
16.348161, 10.053668 
28.932652, 8.326207 

0.011828, 0.024683 
0.149626, 0.456032 
-0.162915, -0.678669 
-0.458398, 0.920855 
1.354233, -0.696753 
-3.669343, -3.634785 
-0.053590, 9.536732 
16.327529, 10.087164 
28.923947, 8.356341 

0.011796, 0.024824 
-0.106975, 0.430057 
0.040223, -0.698160 
-0.602608, 0.829972 
1.414439, -0.570816 
-3.615723, -3.687900 
-0.109389, 9.536138 
16.306829, 10.120617 
28.915211, 8.386467 

0.011764, 0.024965 
-0.316891, 0.244795 
0.241139, -0.661156 
-0.729314, 0.716149 
1.462912, -0.439897 
-3.561334, -3.740229 
-0.165184, 9.535216 
16.286060, 10.154028 
28.906443, 8.416583 

0.011730, 0.025105 
-0.369441, -0.045727 
0.424123, -0.570517 
-0.834942, 0.582667 
1.499245, -0.305090 
-3.506190, -3.791761 
-0.220972, 9.533966 
16.265223, 10.187397 
28.897644, 8.446690 

0.011696, 0.025244 
-0.228385, -0.300272 
0.575003, -0.433511 
-0.916518, 0.433344 
1.523131, -0.167521 
-3.450301, -3.842485 
-0.276753, 9.532390 
16.244317, 10.220722 
28.888813, 8.476789 

0.011661, 0.025382 
0.020057, -0.409215 
0.682396, -0.261091 
-0.971740, 0.272433 
1.534369, -0.028338 
-3.393679, -3.892391 
-0.332524, 9.530486 
16.223343, 10.254005 
28.879951, 8.506878 

0.011626, 0.025520 
0.265474, -0.361536 
0.738619, -0.066816 
-0.999041, 0.104507 
1.532865, 0.111293 
-3.336337, -3.941468 
-0.388283, 9.528256 
16.202301, 10.287245 
28.871058, 8.536957 

0.011590, 0.025657 
0.435126, -0.198335 
0.740165, 0.134402 
-0.997629, -0.065665 
1.518631, 0.250206 
-3.278286, -3.989705 
-0.444028, 9.525698 
16.181191, 10.320442 
28.862133, 8.567028 

0.011553, 0.025793 
0.490796, 0.025145 
0.687764, 0.327568 
-0.967510, -0.233240 
1.491787, 0.387240 
-3.219539, -4.037092 
-0.499758, 9.522813 
16.160013, 10.353595 
28.853176, 8.597089 

0.011516, 0.025928 
0.417595, 0.248799 
0.586068, 0.498734 
-0.909494, -0.393435 
1.452556, 0.521249 
-3.160108, -4.083620 
-0.555470, 9.519601 
16.138767, 10.386705 
28.844189, 8.627141 

0.011478, 0.026063 
0.223466, 0.406084 
0.443091, 0.635930 
-0.825176, -0.541654 
1.401271, 0.651115 
-3.100006, -4.129278 
-0.611163, 9.516063 
16.117453, 10.419771 
28.835170, 8.657183 

0.011439, 0.026197 
-0.046812, 0.426858 
0.269483, 0.729845 
-0.716900, -0.673618 
1.338360, 0.775752 
-3.039246, -4.174056 
-0.666834, 9.512198 
16.096071, 10.452794 
28.826119, 8.687216 

0.011400, 0.026331 
-0.291112, 0.268944 
0.077732, 0.774287 
-0.587704, -0.785482 
1.264352, 0.894120 
-2.977841, -4.217947 
-0.722482, 9.508006 
16.074622, 10.485772 
28.817038, 8.717240 

0.011360, 0.026463 
-0.381862, -0.012117 
-0.118656, 0.766438 
-0.441244, -0.873951 
1.179869, 1.005234 
-2.915803, -4.260939 
-0.778104, 9.503488 
16.053105, 10.518707 
28.807924, 8.747254 

0.011320, 0.026595 
-0.283919, -0.274666 
-0.305971, 0.706944 
-0.281696, -0.936383 
1.085620, 1.108166 
-2.853145, -4.303024 
-0.833700, 9.498643 
16.031521, 10.551598 
28.798780, 8.777259 

0.011279, 0.026727 
-0.069540, -0.418404 
-0.471087, 0.599848 
-0.113645, -0.970867 
0.982395, 1.202062 
-2.789882, -4.344193 
-0.889266, 9.493473 
16.009869, 10.584444 
28.789604, 8.807254 

0.011237, 0.026857 
0.170673, -0.419854 
-0.602238, 0.452396 
0.058043, -0.976296 
0.871058, 1.286142 
-2.726026, -4.384437 
-0.944802, 9.487976 
15.988150, 10.617246 
28.780397, 8.837240 

0.011194, 0.026987 
0.366660, -0.297393 
-0.689760, 0.274679 
0.228363, -0.952410 
0.752543, 1.359707 
-2.661591, -4.423748 
-1.000304, 9.482154 
15.966364, 10.650004 
28.771159, 8.867216 

0.011151, 0.027116 
0.468234, -0.088779 
-0.726788, 0.079118 
0.392315, -0.899811 
0.627841, 1.422150 
-2.596591, -4.462118 
-1.055772, 9.476006 
15.944510, 10.682716 
28.761889, 8.897183 

0.011108, 0.027244 
0.440777, 0.152551 
-0.709865, -0.120246 
0.545060, -0.819960 
0.497994, 1.472957 
-2.531039, -4.499537 
-1.111203, 9.469532 
15.922590, 10.715384 
28.752588, 8.927140 

0.011063, 0.027372 
0.271471, 0.352512 
-0.639397, -0.308656 
0.682067, -0.715140 
0.364088, 1.511709 
-2.464949, -4.536000 
-1.166596, 9.462734 
15.900602, 10.748007 
28.743256, 8.957087 

0.011018, 0.027498 
-0.004465, 0.419338 
-0.519868, -0.471723 
0.799259, -0.588396 
0.227239, 1.538091 
-2.398336, -4.571497 
-1.221947, 9.455610 
15.878548, 10.780585 
28.733893, 8.987024 

0.010973, 0.027623 
-0.272801, 0.293838 
-0.359737, -0.596611 
0.893142, -0.443441 
0.088589, 1.551890 
-2.331213, -4.606022 
-1.277257, 9.448161 
15.856427, 10.813118 
28.724498, 9.016952 

0.010927, 0.027748 
-0.398555, 0.034576 
-0.170933, -0.673217 
0.960918, -0.284546 
-0.050707, 1.552998 
-2.263595, -4.639566 
-1.332522, 9.440389 
15.834240, 10.845605 
28.715072, 9.046870 

0.010880, 0.027871 
-0.347859, -0.227629 
0.032044, -0.695192 
1.000575, -0.116408 
-0.189491, 1.541414 
-2.195496, -4.672124 
-1.387741, 9.432291 
15.811986, 10.878047 
28.705615, 9.076778 

0.010833, 0.027994 
-0.172874, -0.401314 
0.233365, -0.660627 
1.010952, 0.055997 
-0.326608, 1.517241 
-2.126930, -4.703687 
-1.442911, 9.423870 
15.789665, 10.910443 
28.696126, 9.106676 

0.010786, 0.028115 
0.055513, -0.450205 
0.417307, -0.572286 
0.991771, 0.227574 
-0.460921, 1.480687 
-2.057912, -4.734250 
-1.498032, 9.415125 
15.767278, 10.942793 
28.686607, 9.136565 

0.010738, 0.028236 
0.271960, -0.371406 
0.569684, -0.437326 
0.943646, 0.393266 
-0.591314, 1.432064 
-1.988457, -4.763806 
-1.553100, 9.406057 
15.744825, 10.975098 
28.677056, 9.166443 

0.010690, 0.028355 
0.417364, -0.183920 
0.679081, -0.266570 
0.868054, 0.548209 
-0.716707, 1.371781 
-1.918578, -4.792349 
-1.608115, 9.396665 
15.722305, 11.007356 
28.667474, 9.196312 

0.010642, 0.028474 
0.438083, 0.068647 
0.737742, -0.073426 
0.767286, 0.687888 
-0.836062, 1.300345 
-1.848293, -4.819872 
-1.663074, 9.386951 
15.699720, 11.039568 
28.657861, 9.226170 

0.010594, 0.028591 
0.298923, 0.306187 
0.742024, 0.127337 
0.644367, 0.808260 
-0.948391, 1.218354 
-1.777614, -4.846370 
-1.717975, 9.376914 
15.677068, 11.071734 
28.648216, 9.256019 

0.010545, 0.028708 
0.026658, 0.415575 
0.692460, 0.320831 
0.502954, 0.905881 
-1.052767, 1.126495 
-1.706557, -4.871838 
-1.772817, 9.366555 
15.654351, 11.103854 
28.638541, 9.285858 

0.010497, 0.028824 
-0.253823, 0.327712 
0.593458, 0.493146 
0.347222, 0.977995 
-1.148325, 1.025532 
-1.635137, -4.896270 
-1.827597, 9.355874 
15.631567, 11.135927 
28.628834, 9.315686 

0.010448, 0.028939 
-0.411138, 0.100574 
0.452772, 0.632261 
0.181734, 1.022606 
-1.234279, 0.916308 
-1.563369, -4.919660 
-1.882314, 9.344872 
15.608718, 11.167953 
28.619096, 9.345505 

0.010399, 0.029054 
-0.408880, -0.153679 
0.280815, 0.728723 
0.011300, 1.038528 
-1.309919, 0.799730 
-1.491268, -4.942005 
-1.936966, 9.333548 
15.585804, 11.199932 
28.609327, 9.375313 

0.010349, 0.029168 
-0.276911, -0.351402 
0.089894, 0.776118 
-0.159160, 1.025402 
-1.374621, 0.676767 
-1.418850, -4.963298 
-1.991551, 9.321904 
15.562824, 11.231864 
28.599527, 9.405111 

0.010299, 0.029281 
-0.066509, -0.445215 
-0.106583, 0.771353 
-0.324758, 0.983703 
-1.427853, 0.548440 
-1.346130, -4.983537 
-2.046066, 9.309939 
15.539778, 11.263749 
28.589696, 9.434899 

0.010249, 0.029393 
0.164364, -0.412567 
-0.294900, 0.714777 
-0.480773, 0.914707 
-1.469176, 0.415813 
-1.273123, -5.002715 
-2.100511, 9.297655 
15.516667, 11.295587 
28.579834, 9.464676 

0.010199, 0.029505 
0.350751, -0.252349 
-0.461829, 0.610163 
-0.622780, 0.820455 
-1.498250, 0.279987 
-1.199846, -5.020831 
-2.154883, 9.285051 
15.493491, 11.327378 
28.569940, 9.494444 

0.010148, 0.029616 
0.420454, 0.004440 
-0.595417, 0.464534 
-0.746766, 0.703682 
-1.514836, 0.142085 
-1.126312, -5.037879 
-2.209181, 9.272128 
15.470250, 11.359121 
28.560016, 9.524201 

0.010097, 0.029726 
0.315329, 0.271956 
-0.685754, 0.287844 
-0.849234, 0.567746 
-1.518798, 0.003252 
-1.052538, -5.053856 
-2.263401, 9.258886 
15.446943, 11.390816 
28.550060, 9.553948 

0.010046, 0.029836 
0.057511, 0.418295 
-0.725712, 0.092464 
-0.927296, 0.416529 
-1.510102, -0.135363 
-0.978540, -5.068759 
-2.317544, 9.245326 
15.423572, 11.422463 
28.540074, 9.583684 

0.009994, 0.029944 
-0.223747, 0.372799 
-0.711583, -0.107519 
-0.978745, 0.254331 
-1.488822, -0.272612 
-0.904333, -5.082585 
-2.371606, 9.231448 
15.400136, 11.454063 
28.530056, 9.613410 

0.009942, 0.030052 
-0.408174, 0.185267 
-0.643566, -0.297238 
-1.002114, 0.085759 
-1.455131, -0.407356 
-0.829932, -5.095330 
-2.425586, 9.217253 
15.376635, 11.485614 
28.520008, 9.643126 

0.009889, 0.030159 
-0.453101, -0.054052 
-0.526007, -0.462146 
-0.996716, -0.084397 
-1.409308, -0.538479 
-0.755354, -5.106993 
-2.479483, 9.202740 
15.353070, 11.517118 
28.509928, 9.672831 

0.009836, 0.030264 
-0.366528, -0.269454 
-0.367286, -0.589241 
-0.962665, -0.251293 
-1.351730, -0.664894 
-0.680615, -5.117570 
-2.533293, 9.187912 
15.329440, 11.548573 
28.499817, 9.702525 

0.009782, 0.030369 
-0.179932, -0.405204 
-0.179307, -0.668273 
-0.900877, -0.410161 
-1.282872, -0.785551 
-0.605730, -5.127060 
-2.587015, 9.172768 
15.305745, 11.579979 
28.489676, 9.732210 

0.009728, 0.030473 
0.059028, -0.420731 
0.023434, -0.692766 
-0.813052, -0.556434 
-1.203302, -0.899448 
-0.530714, -5.135460 
-2.640648, 9.157308 
15.281986, 11.611337 
28.479503, 9.761883 

0.009674, 0.030575 
0.282381, -0.293437 
0.225103, -0.660705 
-0.701635, -0.685881 
-1.113676, -1.005637 
-0.455585, -5.142769 
-2.694190, 9.141534 
15.258163, 11.642646 
28.469299, 9.791546 

0.009620, 0.030677 
0.399465, -0.039882 
0.409974, -0.574745 
-0.569760, -0.794721 
-1.014735, -1.103236 
-0.380357, -5.148985 
-2.747638, 9.125445 
15.234276, 11.673907 
28.459065, 9.821198 

0.009565, 0.030777 
0.330986, 0.247257 
0.563855, -0.441923 
-0.421162, -0.879741 
-0.907296, -1.191430 
-0.305047, -5.154108 
-2.800992, 9.109042 
15.210324, 11.705118 
28.448799, 9.850840 

0.009511, 0.030876 
0.099031, 0.424292 
0.675297, -0.272910 
-0.260089, -0.938391 
-0.792248, -1.269484 
-0.229670, -5.158135 
-2.854248, 9.092327 
15.186309, 11.736280 
28.438503, 9.880471 

0.009456, 0.030974 
-0.173265, 0.424038 
0.736458, -0.080956 
-0.091180, -0.968868 
-0.670544, -1.336742 
-0.154243, -5.161067 
-2.907406, 9.075298 
15.162230, 11.767393 
28.428175, 9.910091 

0.009402, 0.031071 
-0.379153, 0.280928 
0.743550, 0.119321 
0.080665, -0.970183 
-0.543191, -1.392643 
-0.078782, -5.162902 
-2.960462, 9.057958 
15.138087, 11.798457 
28.417817, 9.939701 

0.009347, 0.031166 
-0.468381, 0.062800 
0.696895, 0.313137 
0.250424, -0.942198 
-0.411246, -1.436715 
-0.003301, -5.163640 
-3.013417, 9.040306 
15.113880, 11.829471 
28.407427, 9.969300 

0.009293, 0.031261 
-0.428766, -0.163861 
0.600650, 0.486614 
0.413107, -0.885642 
-0.275803, -1.468584 
0.072181, -5.163282 
-3.066267, 9.022343 
15.089610, 11.860435 
28.397007, 9.998888 

0.009238, 0.031355 
-0.271579, -0.338153 
0.462304, 0.627672 
0.563904, -0.802102 
-0.137990, -1.487980 
0.147651, -5.161826 
-3.119011, 9.004070 
15.065277, 11.891350 
28.386556, 10.028465 

0.009184, 0.031448 
-0.031245, -0.403040 
0.292032, 0.726709 
0.698340, -0.693979 
0.001050, -1.494735 
0.223092, -5.159275 
-3.171647, 8.985487 
15.040880, 11.922214 
28.376074, 10.058031 

0.009130, 0.031540 
0.223491, -0.313153 
0.101962, 0.777082 
0.812414, -0.564423 
0.140157, -1.488784 
0.298487, -5.155627 
-3.224173, 8.966596 
15.016420, 11.953029 
28.365561, 10.087586 

0.009076, 0.031631 
0.383358, -0.070716 
-0.094587, 0.775417 
0.902727, -0.417241 
0.278173, -1.470171 
0.373821, -5.150885 
-3.276588, 8.947395 
14.991896, 11.983794 
28.355018, 10.117131 

0.009022, 0.031721 
0.353597, 0.223572 
-0.283892, 0.721770 
0.966593, -0.256775 
0.413946, -1.439044 
0.449078, -5.145049 
-3.328889, 8.927887 
14.967310, 12.014508 
28.344443, 10.146664 

0.008969, 0.031810 
0.157573, 0.425288 
-0.452616, 0.619640 
1.002123, -0.087774 
0.546343, -1.395656 
0.524242, -5.138120 
-3.381075, 8.908072 
14.942661, 12.045172 
28.333838, 10.176187 

0.008915, 0.031898 
-0.097564, 0.470483 
-0.588616, 0.475835 
1.008286, 0.084763 
0.674257, -1.340363 
0.599298, -5.130100 
-3.433145, 8.887951 
14.917949, 12.075785 
28.323202, 10.205698 

0.008862, 0.031985 
-0.318420, 0.374469 
-0.681739, 0.300174 
0.984936, 0.255737 
0.796619, -1.273620 
0.674229, -5.120990 
-3.485095, 8.867524 
14.893174, 12.106347 
28.312535, 10.235198 

0.008808, 0.032072 
-0.448151, 0.183098 
-0.724591, 0.104990 
0.932816, 0.420116 
0.912405, -1.195980 
0.749019, -5.110793 
-3.536924, 8.846792 
14.868336, 12.136859 
28.301837, 10.264687 

0.008755, 0.032158 
-0.456548, -0.048376 
-0.713219, -0.095586 
0.853525, 0.573083 
1.020644, -1.108085 
0.823654, -5.099511 
-3.588632, 8.825755 
14.843436, 12.167320 
28.291108, 10.294166 

0.008702, 0.032243 
-0.334155, -0.257213 
-0.647629, -0.286570 
0.749461, 0.710186 
1.120430, -1.010667 
0.898116, -5.087146 
-3.640215, 8.804415 
14.818474, 12.197730 
28.280349, 10.323632 

0.008649, 0.032327 
-0.099430, -0.371214 
-0.532032, -0.453264 
0.623744, 0.827471 
1.210925, -0.904535 
0.972391, -5.073701 
-3.691672, 8.782772 
14.793449, 12.228088 
28.269559, 10.353088 

0.008595, 0.032410 
0.179170, -0.321396 
-0.374738, -0.582511 
0.480105, 0.921590 
1.291371, -0.790573 
1.046462, -5.059178 
-3.743001, 8.760827 
14.768362, 12.258396 
28.258738, 10.382533 

0.008542, 0.032492 
0.374451, -0.098757 
-0.187623, -0.663922 
0.322778, 0.989892 
1.361091, -0.669732 
1.120314, -5.043582 
-3.794201, 8.738581 
14.743213, 12.288651 
28.247886, 10.411966 

0.008490, 0.032573 
0.385365, 0.190012 
0.014823, -0.690910 
0.156360, 1.030497 
1.419500, -0.543020 
1.193932, -5.026914 
-3.845269, 8.716034 
14.718002, 12.318855 
28.237004, 10.441388 

0.008437, 0.032652 
0.232563, 0.410388 
0.216774, -0.661357 
-0.014321, 1.042331 
1.466108, -0.411495 
1.267300, -5.009180 
-3.896204, 8.693187 
14.692729, 12.349008 
28.226091, 10.470798 

0.008384, 0.032731 
0.001470, 0.498814 
0.402517, -0.577813 
-0.184348, 1.025153 
1.500522, -0.276256 
1.340402, -4.990382 
-3.947005, 8.670041 
14.667394, 12.379109 
28.215147, 10.500198 

0.008332, 0.032809 
-0.227602, 0.451031 
0.557864, -0.447183 
-0.348854, 0.979546 
1.522453, -0.138433 
1.413224, -4.970524 
-3.997669, 8.646596 
14.641998, 12.409157 
28.204172, 10.529585 

0.008280, 0.032887 
-0.393600, 0.291442 
0.671337, -0.279979 
-0.503155, 0.906890 
1.531717, 0.000821 
1.485749, -4.949612 
-4.048194, 8.622854 
14.616540, 12.439154 
28.193167, 10.558962 

0.008229, 0.032963 
-0.450593, 0.061723 
0.735011, -0.089278 
-0.642878, 0.809322 
1.528237, 0.140342 
1.557962, -4.927648 
-4.098580, 8.598815 
14.591020, 12.469098 
28.182131, 10.588327 

0.008178, 0.033038 
-0.367811, -0.176759 
0.744947, 0.110460 
-0.764075, 0.689663 
1.512040, 0.278964 
1.629849, -4.904639 
-4.148823, 8.574481 
14.565440, 12.498990 
28.171065, 10.617680 

0.008127, 0.033113 
-0.145601, -0.337442 
0.701246, 0.304561 
-0.863327, 0.551344 
1.483264, 0.415528 
1.701394, -4.880588 
-4.198923, 8.549851 
14.539798, 12.528830 
28.159967, 10.647022 

0.008076, 0.033186 
0.147081, -0.328257 
0.607806, 0.479181 
-0.937830, 0.398308 
1.442149, 0.548892 
1.772581, -4.855501 
-4.248878, 8.524927 
14.514094, 12.558617 
28.148840, 10.676353 

0.008026, 0.033259 
0.368916, -0.134854 
0.471847, 0.622181 
-0.985474, 0.234904 
1.389043, 0.677943 
1.843397, -4.829384 
-4.298685, 8.499710 
14.488330, 12.588351 
28.137681, 10.705671 

0.007976, 0.033331 
0.421477, 0.137401 
0.303298, 0.723801 
-1.004892, 0.065770 
1.324389, 0.801603 
1.913826, -4.802241 
-4.348344, 8.474201 
14.462505, 12.618032 
28.126492, 10.734979 

0.007927, 0.033402 
0.316165, 0.369922 
0.114111, 0.777165 
-0.995503, -0.104287 
1.248732, 0.918841 
1.983853, -4.774079 
-4.397852, 8.448399 
14.436619, 12.647661 
28.115272, 10.764274 

0.007878, 0.033472 
0.114856, 0.497637 
-0.082487, 0.778618 
-0.957528, -0.270423 
1.162706, 1.028678 
2.053463, -4.744904 
-4.447208, 8.422307 
14.410672, 12.677236 
28.104022, 10.793558 

0.007829, 0.033542 
-0.115752, 0.498232 
-0.272760, 0.727917 
-0.891990, -0.427883 
1.067033, 1.130200 
2.122643, -4.714721 
-4.496411, 8.395925 
14.384665, 12.706758 
28.092741, 10.822830 

0.007780, 0.033611 
-0.313457, 0.375109 
-0.443262, 0.628287 
-0.800696, -0.572136 
0.962513, 1.222563 
2.191376, -4.683538 
-4.545457, 8.369254 
14.358597, 12.736227 
28.081430, 10.852091 

0.007732, 0.033679 
-0.418902, 0.153907 
-0.581656, 0.486324 
-0.686191, -0.699000 
0.850023, 1.305000 
2.259650, -4.651361 
-4.594346, 8.342295 
14.332468, 12.765642 
28.070088, 10.881339 

0.007684, 0.033746 
-0.379342, -0.108159 
-0.677543, 0.311715 
-0.551698, -0.804761 
0.730504, 1.376826 
2.327448, -4.618196 
-4.643076, 8.315049 
14.306280, 12.795004 
28.058716, 10.910576 

0.007636, 0.033813 
-0.176241, -0.310262 
-0.723268, 0.116758 
-0.401038, -0.886289 
0.604956, 1.437448 
2.394758, -4.584051 
-4.691645, 8.287517 
14.280031, 12.824312 
28.047313, 10.939801 

0.007588, 0.033879 
0.118520, -0.340849 
-0.714642, -0.084368 
-0.238523, -0.941130 
0.474427, 1.486365 
2.461565, -4.548933 
-4.740052, 8.259699 
14.253722, 12.853566 
28.035879, 10.969014 

0.007541, 0.033943 
0.358270, -0.185605 
-0.651477, -0.276566 
-0.068844, -0.967592 
0.340007, 1.523176 
2.527855, -4.512849 
-4.788295, 8.231597 
14.227354, 12.882766 
28.024415, 10.998215 

0.007494, 0.034007 
0.451485, 0.061365 
-0.537862, -0.444994 
0.103067, -0.964802 
0.202817, 1.547578 
2.593614, -4.475808 
-4.836372, 8.203212 
14.200925, 12.911913 
28.012920, 11.027405 

0.007447, 0.034070 
0.395402, 0.299134 
-0.382035, -0.576348 
0.272179, -0.932747 
0.064001, 1.559377 
2.658829, -4.437816 
-4.884282, 8.174544 
14.174437, 12.941004 
28.001395, 11.056582 

0.007401, 0.034131 
0.228619, 0.461268 
-0.195842, -0.660113 
0.433511, -0.872282 
-0.075286, 1.558478 
2.723484, -4.398882 
-4.932022, 8.145595 
14.147889, 12.970042 
27.989840, 11.085747 

0.007355, 0.034192 
0.003007, 0.509811 
0.006245, -0.689593 
0.582292, -0.785116 
-0.213884, 1.544898 
2.787568, -4.359015 
-4.979592, 8.116366 
14.121281, 12.999025 
27.978254, 11.114901 

0.007310, 0.034252 
-0.221409, 0.427525 
0.208419, -0.662575 
0.714102, -0.673767 
-0.350643, 1.518754 
2.851065, -4.318222 
-5.026989, 8.086857 
14.094614, 13.027954 
27.966638, 11.144042