39.009515 
38.854044 
38.572658 
38.222199 
38.047270 
38.154764 
38.229340 
38.192289 
38.033366 
37.829679 
37.846989 
37.988580 
38.102642 
38.151727 
38.132508 
38.104583 
38.115064 
38.082756 
37.984835 
37.848308 
37.777009 
37.855709 
37.928435 
37.896870 
37.746964 
37.512451 
37.266741 
37.066188 
36.979160 
37.044901 
37.106139 
37.130269 
37.110340 
37.025786 
36.905033 
36.797172 
36.792317 
36.884868 
36.974089 
36.965699 
36.937904 
36.984031 
37.035661 
37.113533 
37.321841 
37.481661 
37.552919 
37.531570 
37.439661 
37.431905 
37.402397 
37.498424 
37.589579 
37.634901 
37.673094 
37.830866 
38.123819 
38.501792 
38.851662 
39.111646 
39.290714 
39.386341 
39.382698 
39.281834 
39.109299 
38.885874 
38.632487 
38.388219 
38.196804 
38.183380 
38.527900 
38.832541 
39.032671 
39.114779 
39.097443 
39.085576 
39.193021 
39.351149 
39.489584 
39.527227 
39.411312 
39.173492 
39.146626 
39.101662 
39.045334 
39.002210 
38.985943 
39.019911 
39.089098 
39.164384 
39.291929 
39.501758 
39.852586 
40.157656 
40.397378 
40.587421 
40.632383 
40.544930 
40.371002 
40.164286 
40.012878 
40.145931 
40.421087 
40.651364 
40.781095 
40.856781 
40.906155 
40.934203 
40.960601 
41.019675 
41.157378 
41.391767 
41.676920 
41.948632 
42.170455 
42.350525 
42.530157 
42.736559 
42.964789 
43.205011 
43.427056 
43.555673 
43.531804 
43.352489 
43.062951 
42.735409 
42.440016 
42.204484 
42.104370 
42.148523 
42.161320 
42.106423 
42.151293 
42.170905 
42.203690 
42.361325 
42.666313 
42.927349 
43.124589 
43.275916 
43.416613 
43.566373 
43.632338 
43.608306 
43.502186 
43.337848 
43.190498 
43.039074 
43.071506 
43.226105 
43.360049 
43.448392 
43.519277 
43.571442 
43.537061 
43.433793 
43.322961 
43.267306 
43.306243 
43.384646 
43.512940 
43.766135 
43.964881 
44.055707 
44.015436 
43.888995 
43.707863 
43.431766 
43.481642 
43.628889 
43.643415 
43.576473 
43.479552 
43.328347 
43.166189 
43.307238 
43.669935 
43.839296 
43.810823 
43.628957 
43.375804 
43.117439 
42.841992 
42.524281 
42.187105 
42.277897 
42.374359 
42.350883 
42.251109 
42.078942 
41.952389 
41.831676 
41.669311 
41.457693 
41.225508 
41.351390 
41.503257 
41.552388 
41.470517 
41.456856 
41.357200 
41.490093 
41.846110 
42.133611 
42.560570 
42.938045 
43.145045 
43.208626 
43.185031 
43.099085 
43.028941 
43.151195 
43.466377 
43.905188 
44.377159 
44.751746 
44.974654 
45.048712 
45.016376 
44.949885 
44.895844 
44.854412 
44.794830 
44.715857 
44.788784 
45.047597 
45.296908 
45.511493 
45.689049 
45.780658 
45.781676 
45.755400 
45.776469 
45.793201 
45.788752 
45.800378 
45.857841 
46.021322 
46.235379 
46.370778 
46.446701 
46.486357 
46.486209 
46.461293 
46.572700 
46.797267 
46.967421 
47.054549 
47.060194 
47.013097 
46.977919 
46.957175 
46.931749 
47.002527 
46.950543 
46.864934 
46.794483 
46.685244 
46.552705 
46.382670 
46.216926 
46.099661 
46.055999 
46.082113 
46.132391 
46.165387 
46.156021 
46.127274 
46.107812 
46.108410 
46.119707 
46.126150 
46.103996 
46.037308 
45.959695 
45.919879 
45.963099 
46.074233 
46.237294 
46.411058 
46.571645 
46.693465 
46.761775 
46.778333 
46.756223 
46.707748 
46.652268 
46.703264 
46.960750 
47.264829 
47.531296 
47.711997 
47.787354 
47.758928 
47.648504 
47.506069 
47.383643 
47.338210 
47.438743 
47.598717 
47.783320 
47.983956 
48.191774 
48.398292 
48.591315 
48.759964 
48.878377 
48.896658 
48.841327 
48.864974 
48.783745 
48.641272 
48.504451 
48.431120 
48.490420 
48.649994 
48.864804 
49.123911 
49.371832 
49.552016 
49.660079 
49.712521 
49.699320 
49.601583 
49.414779 
49.174298 
48.982758 
48.862930 
48.788702 
48.792069 
48.870554 
49.018891 
49.232684 
49.474665 
49.716174 
49.915206 
50.026773 
50.027012 
49.906435 
49.666280 
49.320664 
48.918322 
48.644244 
48.802589 
49.095345 
49.351302 
49.533963 
49.614763 
49.584909 
49.486414 
49.423268 
49.470529 
49.547353 
49.578348 
49.528884 
49.402249 
49.264645 
49.230068 
49.223730 
49.248473 
49.272817 
49.277347 
49.261216 
49.228314 
49.194400 
49.176670 
49.159943 
49.204889 
49.449931 
49.646305 
49.764063 
49.767267 
49.634216 
49.373250 
49.022249 
48.638412 
48.274960 
47.969709 
47.772467 
47.740071 
48.120590 
48.509141 
48.766972 
48.857491 
48.800575 
48.643956 
48.457224 
48.322251 
48.192812 
48.112374 
48.033080 
47.795825 
47.487225 
47.275587 
47.101482 
47.080456 
47.206240 
47.205993 
47.173929 
47.389789 
47.671032 
48.018131 
48.307568 
48.419189 
48.376515 
48.281233 
48.140743 
48.042997 
48.073615 
48.299973 
48.598753 
48.832377 
48.953648 
48.999129 
49.051825 
49.228765 
49.418252 
49.536339 
49.557509 
49.491880 
49.380502 
49.278469 
49.199863 
49.105370 
48.969271 
48.822263 
48.742467 
48.710410 
48.704607 
48.728848 
48.740606 
48.712807 
48.648755 
48.566460 
48.477033 
48.396228 
48.348343 
48.453356 
48.557610 
48.554618 
48.422132 
48.183237 
47.929241 
47.772790 
47.781270 
47.932917 
48.130384 
48.337809 
48.575344 
48.800414 
48.841380 
48.733768 
48.555959 
48.305423 
48.003514 
47.742700 
47.653650 
47.801218 
47.958486 
48.266187 
48.482435 
48.589441 
48.595712 
48.539334 
48.458378 
48.338962 
48.181757 
48.001932 
47.818602 
47.689208 
47.656552 
47.673783 
47.621441 
47.479817 
47.276806 
47.009109 
46.703179 
46.622512 
46.799203 
47.015930 
47.280842 
47.595715 
47.892918 
48.134731 
48.228265 
48.174346 
48.048482 
47.838377 
47.523774 
47.183711 
46.864858 
46.563053 
46.259014 
45.917215 
45.814411 
45.837037 
45.956547 
46.440930 
46.868665 
47.175123 
47.386132 
47.550778 
47.701639 
47.881344 
47.959299 
47.924354 
47.881970 
47.830725 
47.936701 
48.029210 
48.138494 
48.223940 
48.292220 
48.360592 
48.494479 
48.621709 
48.727770 
48.794827 
48.796948 
48.744363 
48.630182 
48.447304 
48.233549 
48.101956 
48.134986 
48.234494 
48.303584 
48.412494 
48.535181 
48.592606 
48.589757 
48.516442 
48.577875 
48.625339 
48.609508 
48.562483 
48.549915 
48.577719 
48.678500 
48.750842 
48.907339 
49.084623 
49.197711 
49.161845 
48.987272 
48.693938 
48.371689 
48.222950 
48.194668 
48.143316 
48.155492 
48.129063 
48.161942 
48.244683 
48.325508 
48.419718 
48.460598 
48.597266 
48.840603 
49.087393 
49.341356 
49.622698 
49.769674 
49.732164 
49.594970 
49.499562 
49.491701 
49.483788 
49.397897 
49.233658 
49.167368 
49.242738 
49.312226 
49.334455 
49.310736 
49.292608 
49.229952 
49.159140 
49.097207 
49.362555 
49.653178 
49.773660 
49.703745 
49.440923 
49.155240 
48.961039 
48.744251 
48.586042 
48.436751 
48.473558 
48.513283 
48.459826 
48.324461 
48.158064 
48.071139 
48.086436 
48.206760 
48.363406 
48.462452 
48.487916 
48.429013 
48.277306 
48.062302 
47.955046 
48.059609 
48.355776 
48.621937 
48.754662 
48.745781 
48.629185 
48.481003 
48.363630 
48.309674 
48.288465 
48.283566 
48.308661 
48.344526 
48.345234 
48.300927 
48.260595 
48.305650 
48.447214 
48.683013 
48.921713 
49.081825 
49.140958 
49.129041 
49.090322 
49.070617 
49.091445 
49.145822 
49.233551 
49.407599 
49.577280 
49.712448 
49.840546 
49.911930 
49.904708 
49.887667 
49.902940 
49.884715 
49.812628 
49.679043 
49.472474 
49.345888 
49.290093 
49.418045 
49.615511 
49.728060 
49.884215 
49.961652 
49.925045 
49.795207 
49.619536 
49.488389 
49.426695 
49.365798 
49.266571 
49.124176 
48.989423 
48.872957 
48.737399 
48.593537 
48.445062 
48.339005 
48.492795 
48.603930 
48.648337 
48.643280 
48.600956 
48.503471 
48.363310 
48.225095 
48.126037 
48.171634 
48.239436 
48.272413 
48.253780 
48.160090 
47.972343 
47.688970 
47.356058 
47.135805 
46.963434 
46.765581 
46.603376 
46.545963 
46.550680 
46.614039 
46.724004 
46.841722 
46.921298 
46.953384 
47.005997 
47.098539 
47.158076 
47.240154 
47.333347 
47.434630 
47.503977 
47.543334 
47.597668 
47.665231 
47.753045 
47.946827 
48.128765 
48.279277 
48.425430 
48.562292 
48.661037 
48.691527 
48.643460 
48.655687 
48.646145 
48.596395 
48.544071 
48.583799 
48.759939 
48.911197 
49.019952 
49.093387 
49.138714 
49.156351 
49.153839 
49.145750 
49.146556 
49.134757 
49.058768 
48.905760 
48.683991 
48.452787 
48.315398 
48.243024 
48.186442 
48.064326 
47.971371 
47.938473 
47.893331 
47.870190 
47.900242 
47.937087 
47.936254 
47.829940 
47.609264 
47.299903 
46.956661 
46.650230 
46.490895 
46.402600 
46.345824 
46.313081 
46.270641 
46.175070 
46.004985 
45.764743 
45.485131 
45.184680 
44.852426 
44.464834 
44.016620 
43.529321 
43.038028 
42.758796 
42.712132 
42.723610 
42.783294 
42.899107 
42.995644 
43.065861 
43.158354 
43.330186 
43.431746 
43.536570 
43.648532 
43.824879 
44.020077 
44.199430 
44.318212 
44.403836 
44.467731 
44.393310 
44.260201 
44.390505 
44.465740 
44.499153 
44.517236 
44.467722 
44.363356 
44.325303 
44.468786 
44.745932 
45.093523 
45.302622 
45.358614 
45.322291 
45.269090 
45.289506 
45.404455 
45.545384 
45.638237 
45.667516 
45.709520 
45.750225 
45.980202 
46.109685 
46.109890 
45.982432 
45.830800 
45.807883 
45.832119 
45.829307 
45.900060 
46.016590 
46.140162 
46.245038 
46.292343 
46.226730 
46.151088 
46.080135 
46.020258 
45.959930 
45.928109 
45.961639 
46.049178 
46.172828 
46.307392 
46.387874 
46.376650 
46.271639 
46.078699 
46.078409 
46.136317 
46.158283 
46.160938 
46.273999 
46.381835 
46.415068 
46.423119 
46.515076 
46.592037 
46.585067 
46.462322 
46.378580 
46.298498 
46.100671 
45.766353 
45.526012 
45.547207 
45.661629 
45.774363 
45.989295 
46.355205 
46.666023 
46.813373 
46.764061 
46.524479 
46.142001 
45.776315 
45.478998 
45.320028 
45.211832 
45.109733 
45.028847 
45.056297 
45.187393 
45.308718 
45.394859 
45.608280 
45.611272 
45.614633 
45.496668 
45.203314 
44.781209 
44.358932 
44.017807 
43.736890 
43.666378 
43.803140 
44.020593 
44.399167 
44.743343 
45.007608 
45.192798 
45.363633 
45.516461 
45.554644 
45.429404 
45.135217 
44.700078 
44.209831 
43.777836 
43.655384 
43.850353 
44.037363 
44.113907 
44.164949 
44.242425 
44.427443 
44.513217 
44.460371 
44.374003 
44.201695 
43.863040 
43.745064 
43.707308 
43.542654 
43.463637 
43.651236 
43.874975 
43.996170 
44.000550 
43.958151 
44.004997 
44.190504 
44.336275 
44.416035 
44.439738 
44.493851 
44.577814 
44.640031 
44.702955 
44.667515 
44.623802 
44.572830 
44.518067 
44.410909 
44.282616 
44.133324 
43.954784 
43.763641 
43.601579 
43.560477 
43.513706 
43.620376 
43.872439 
44.133659 
44.304822 
44.336334 
44.224345 
43.992992 
43.720226 
43.528827 
43.534077 
43.550757 
43.563009 
43.474092 
43.251249 
42.968732 
42.797757 
42.691167 
42.636287 
42.690502 
42.839818 
42.979131 
42.968270 
42.910778 
42.930194 
42.830869 
42.699354 
42.633642 
42.735758 
42.794468 
42.994958 
43.212787 
43.322965 
43.381260 
43.357803 
43.312222 
43.206944 
43.076093 
43.018305 
42.995138 
42.925725 
42.830976 
42.695129 
42.702163 
42.841462 
43.108851 
43.543938 
43.925255 
44.134260 
44.207201 
44.181013 
44.068947 
43.882006 
43.660729 
43.466644 
43.270463 
42.987047 
42.600399 
42.151342 
42.229829 
42.321468 
42.292065 
42.181999 
42.134689 
42.150755 
42.244160 
42.423199 
42.652960 
