-420587572.000000
-1834315930.000000
-1800759526.000000
-2440395553.000000
-1800759352.000000
-2440395567.000000
-1800760014.000000
-1834316604.000000
-2440395054.000000
-2440394882.000000
-2440395568.000000
-1800759513.000000
-1834315953.000000
-2406838488.000000
-420587586.000000
-387031809.000000
-1026667334.000000
-1800760186.000000
-420588403.000000
-2440395695.000000
-1026667356.000000
-2406838627.000000
-2406839256.000000
-387031296.000000
-1800760013.000000
-387031311.000000
-1834316614.000000
-1800760182.000000
-2406839281.000000
-387031149.000000
-2440395709.000000
-387031306.000000
-1800760022.000000
-2440394888.000000
-993110256.000000
-2406838633.000000
-420588251.000000
-420588213.000000
-420587745.000000
-1026667490.000000
-1026667501.000000
-1834316593.000000
-387031153.000000
-2440395057.000000
-1026667509.000000
-387031981.000000
-1800759537.000000
-387031301.000000
-2440395708.000000
-1026667345.000000
-1834315979.000000
-1834316435.000000
-420588236.000000
-420587739.000000
-1834315790.000000
-420587584.000000
-387031784.000000
-2440395061.000000
-1800759357.000000
-1026667514.000000
-387031137.000000
-993110427.000000
-1026666862.000000
-993110420.000000
-993111072.000000
-1834316634.000000
-1834316442.000000
-993110249.000000
-1026667504.000000
-387031949.000000
-2406839279.000000
-420587559.000000
-1800759355.000000
-420587574.000000
-2440395680.000000
-993110433.000000
-1026666832.000000
-387031802.000000
-1800759341.000000
-2440395526.000000
-1834315950.000000
-2440394905.000000
-993110412.000000
-387031789.000000
-1026667339.000000
-420588242.000000
-1834315804.000000
-1800760035.000000
-1026666689.000000
-993111036.000000
-1026666839.000000
-2406839111.000000
-2440395708.000000
-2440395710.000000
-1026666691.000000
-993110895.000000
-1834316430.000000
-420588417.000000
-1834316443.000000
-1026666831.000000
