0.000000
-2864.000000
-5732.000000
-7304.000000
-7820.000000
-8660.000000
-8868.000000
-9316.000000
-9280.000000
-9532.000000
-9588.000000
-9852.000000
-9864.000000
-9944.000000
-10064.000000
-10208.000000
-10364.000000
-10592.000000
-10544.000000
-10812.000000
-10664.000000
-10612.000000
-10704.000000
-10820.000000
-10964.000000
-10568.000000
-11012.000000
-11012.000000
-11188.000000
-11184.000000
-11140.000000
-11184.000000
-11280.000000
-11384.000000
-11152.000000
-11240.000000
-11384.000000
-11428.000000
-11264.000000
-11464.000000
-11596.000000
-11508.000000
-11480.000000
-11484.000000
-11580.000000
-11512.000000
-11464.000000
-11208.000000
-11476.000000
-11508.000000
-11460.000000
-11476.000000
-11544.000000
-11648.000000
-11672.000000
-11744.000000
-11568.000000
-11696.000000
-11464.000000
-11660.000000
-11608.000000
-11632.000000
-11580.000000
-11584.000000
-11564.000000
-11600.000000
-11584.000000
-11720.000000
-11544.000000
-11552.000000
-11524.000000
-11368.000000
-11676.000000
-11688.000000
-11716.000000
-11612.000000
-11412.000000
-11580.000000
-11508.000000
-11752.000000
-11584.000000
-11748.000000
-11488.000000
-11692.000000
-11608.000000
-11528.000000
-11652.000000
-11732.000000
-11772.000000
-11632.000000
-11664.000000
-11736.000000
-11744.000000
-11724.000000
-11680.000000
-11708.000000
-11860.000000
-11796.000000
-11880.000000
-11792.000000
-11820.000000
-11656.000000
-11680.000000
-11700.000000
-11680.000000
-11640.000000
-11772.000000
-11676.000000
-11868.000000
-12004.000000
-11964.000000
-11844.000000
-11784.000000
-11880.000000
-11920.000000
-11732.000000
-11796.000000
-11892.000000
-11780.000000
-11864.000000
-11840.000000
-11924.000000
-11844.000000
-11736.000000
-11708.000000
-11820.000000
-11868.000000
-12012.000000
-12092.000000
-11892.000000
-12012.000000
-11932.000000
-11960.000000
-12180.000000
-12032.000000
-12132.000000
-12084.000000
-12208.000000
-12052.000000
-11960.000000
-11968.000000
-12080.000000
-11888.000000
-12036.000000
-12064.000000
-11880.000000
-12068.000000
-12020.000000
-12140.000000
-12088.000000
-12156.000000
-12068.000000
-12004.000000
-12152.000000
-12212.000000
-12052.000000
-12044.000000
-11888.000000
-11908.000000
-12188.000000
-12036.000000
-12212.000000
-12284.000000
-12284.000000
-12340.000000
-12192.000000
-12276.000000
-12304.000000
-12496.000000
-12496.000000
-12512.000000
-12452.000000
-12352.000000
-12492.000000
-12536.000000
-12408.000000
-12528.000000
-12540.000000
-12504.000000
-12408.000000
-12436.000000
-12516.000000
-12552.000000
-12536.000000
-12616.000000
-12620.000000
-12596.000000
-12476.000000
-12380.000000
-12388.000000
-12464.000000
-12536.000000
-12512.000000
-12556.000000
-12404.000000
-12504.000000
-12408.000000
-12408.000000
-12436.000000
-12504.000000
-12564.000000
-12424.000000
-12516.000000
-12592.000000
-12636.000000
-12668.000000
-12512.000000
-12516.000000
-12368.000000
-12548.000000
-12540.000000
-12596.000000
-12604.000000
-12532.000000
-12480.000000
-12428.000000
-12520.000000
-12392.000000
-12340.000000
-12412.000000
-12496.000000
-12484.000000
-12488.000000
-12552.000000
-12576.000000
-12496.000000
-12496.000000
-12552.000000
-12412.000000
-12428.000000
-12480.000000
-12516.000000
-12520.000000
-12496.000000
-12600.000000
-12496.000000
-12524.000000
-12424.000000
-12448.000000
-12452.000000
-12472.000000
-12452.000000
-12464.000000
-12572.000000
-12436.000000
-12428.000000
-12380.000000
-12408.000000
-12404.000000
-12552.000000
-12504.000000
-12480.000000
-12336.000000
-12480.000000
-12548.000000
-12464.000000
-12504.000000
-12504.000000
-12488.000000
-12460.000000
-12432.000000
-12476.000000
-12460.000000
-12472.000000
-12352.000000
-12344.000000
-12328.000000
-12516.000000
-12428.000000
-12424.000000
-12256.000000
-12372.000000
-12512.000000
-12540.000000
-12456.000000
-12516.000000
-12664.000000
-12480.000000
-12492.000000
-12428.000000
-12316.000000
-12396.000000
-12496.000000
-12464.000000
-12496.000000
-12504.000000
-12476.000000
-12536.000000
-12460.000000
-12608.000000
-12532.000000
-12484.000000
-12372.000000
-12440.000000
-12308.000000
-12416.000000
-12560.000000
-12568.000000
-12464.000000
-12596.000000
-12420.000000
-12424.000000
-12480.000000
-12532.000000
-12572.000000
-12612.000000
-12680.000000
-12588.000000
-12620.000000
-12568.000000
-12552.000000
-12604.000000
-12700.000000
-12620.000000
-12508.000000
-12472.000000
-12468.000000
-12416.000000
-12560.000000
-12396.000000
-12340.000000
-12448.000000
-12340.000000
-12392.000000
-12568.000000
-12640.000000
-12452.000000
-12532.000000
-12540.000000
-12552.000000
-12428.000000
-12604.000000
-12528.000000
-12440.000000
-12560.000000
-12468.000000
-12356.000000
-12400.000000
-12568.000000
-12436.000000
-12436.000000
-12352.000000
-12392.000000
-12424.000000
-12568.000000
-12616.000000
-12676.000000
-12560.000000
-12448.000000
-12460.000000
-12436.000000
-12336.000000
-12428.000000
-12608.000000
-12484.000000
-12448.000000
-12472.000000
-12448.000000
-12432.000000
-12540.000000
-12540.000000
-12556.000000
-12528.000000
-12540.000000
-12556.000000
-12328.000000
-12172.000000
-12436.000000
-12464.000000
-12552.000000
-12580.000000
-12560.000000
-12532.000000
-12584.000000
-12404.000000
-12416.000000
-12420.000000
-12588.000000
-12584.000000
-12464.000000
-12496.000000
-12524.000000
-12528.000000
-12540.000000
-12652.000000
-12540.000000
-12316.000000
-12544.000000
-12620.000000
-12588.000000
-12556.000000
-12480.000000
-12464.000000
-12264.000000
-12344.000000
-12372.000000
-12344.000000
-12524.000000
-12556.000000
-12584.000000
-12572.000000
-12540.000000
-12672.000000
-12496.000000
-12272.000000
-12216.000000
-12204.000000
-12444.000000
-12460.000000
-12512.000000
-12636.000000
-12564.000000
-12540.000000
-12468.000000
-12444.000000
-12612.000000
-12444.000000
-12552.000000
-12432.000000
-12416.000000
-12612.000000
-12624.000000
-12620.000000
-12612.000000
-12564.000000
-12408.000000
-12460.000000
-12512.000000
-12464.000000
-12520.000000
-12576.000000
-12412.000000
-12340.000000
-12508.000000
-12364.000000
-12560.000000
-12484.000000
-12432.000000
-12440.000000
-12416.000000
-12592.000000
-12484.000000
-12512.000000
-12500.000000
-12468.000000
-12572.000000
-12476.000000
-12480.000000
-12520.000000
-12580.000000
-12636.000000
-12496.000000
-12528.000000
-12500.000000
-12532.000000
-12544.000000
-12520.000000
-12568.000000
-12472.000000
-12500.000000
-12452.000000
-12308.000000
-12556.000000
-12508.000000
-12504.000000
-12448.000000
-12496.000000
-12648.000000
-12576.000000
-12536.000000
-12516.000000
-12516.000000
-12484.000000
-12560.000000
-12432.000000
-12588.000000
-12588.000000
-12624.000000
-12608.000000
-12508.000000
-12416.000000
-12588.000000
-12584.000000
-12520.000000
-12656.000000
-12512.000000
-12572.000000
-12596.000000
-12340.000000
-12532.000000
-12464.000000
-12568.000000
-12644.000000
-12576.000000
-12444.000000
-12452.000000
-12316.000000
-12368.000000
-12436.000000
-12424.000000
-12384.000000
-12428.000000
-12412.000000
-12280.000000
-12380.000000
-12496.000000
-12312.000000
-12436.000000
-12664.000000
-12432.000000
-12508.000000
-12564.000000
-12504.000000
-12480.000000
-12656.000000
-12600.000000
-12520.000000
-12496.000000
-12388.000000
-12476.000000
-12568.000000
-12524.000000
-12496.000000
-12644.000000
-12500.000000
-12552.000000
-12656.000000
-12488.000000
-12556.000000
-12636.000000
-12640.000000
-12376.000000
-12400.000000
-12520.000000
-12392.000000
-12304.000000
-12492.000000
-12516.000000
-12544.000000
-12516.000000
-12556.000000
-12612.000000
-12452.000000
-12328.000000
-12472.000000
-12420.000000
-12632.000000
-12592.000000
-12628.000000
-12572.000000
-12568.000000
-12604.000000
-12640.000000
-12736.000000
-12488.000000
-12476.000000
-12468.000000
-12488.000000
-12460.000000
-12416.000000
-12476.000000
-12388.000000
-12480.000000
-12556.000000
-12588.000000
-12464.000000
-12516.000000
-12676.000000
-12508.000000
-12536.000000
-12516.000000
-12508.000000
-12624.000000
-12516.000000
-12500.000000
-12500.000000
-12528.000000
-12620.000000
-12596.000000
-12700.000000
-12600.000000
-12484.000000
-12560.000000
-12468.000000
-12528.000000
-12544.000000
-12472.000000
-12544.000000
-12496.000000
-12536.000000
-12468.000000
-12460.000000
-12440.000000
-12592.000000
-12524.000000
-12504.000000
-12440.000000
-12536.000000
-12480.000000
-12584.000000
-12484.000000
-12512.000000
-12412.000000
-12452.000000
-12512.000000
-12408.000000
-12380.000000
-12476.000000
-12344.000000
-12560.000000
-12500.000000
-12564.000000
-12576.000000
-12672.000000
-12644.000000
-12536.000000
-12576.000000
-12552.000000
-12528.000000
-12508.000000
-12560.000000
-12476.000000
-12540.000000
-12520.000000
-12532.000000
-12432.000000
-12636.000000
-12416.000000
-12376.000000
-12404.000000
-12484.000000
-12456.000000
-12484.000000
-12444.000000
-12424.000000
-12592.000000
-12624.000000
-12476.000000
-12580.000000
-12536.000000
-12560.000000
-12564.000000
-12544.000000
-12524.000000
-12536.000000
-12448.000000
-12496.000000
-12512.000000
-12460.000000
-12484.000000
-12544.000000
-12580.000000
-12460.000000
-12488.000000
-12560.000000
-12636.000000
-12500.000000
-12428.000000
-12496.000000
-12632.000000
-12424.000000
-12332.000000
-12344.000000
-12276.000000
-12352.000000
-12452.000000
-12532.000000
-12384.000000
-12492.000000
-12548.000000
-12564.000000
-12508.000000
-12508.000000
-12388.000000
-12636.000000
-12572.000000
-12580.000000
-12468.000000
-12512.000000
-12432.000000
-12204.000000
-12324.000000
-12244.000000
-12460.000000
-12188.000000
-12372.000000
-12340.000000
-12536.000000
-12420.000000
-12548.000000
-12404.000000
-12356.000000
-12356.000000
-12464.000000
-12624.000000
-12544.000000
-12460.000000
-12456.000000
-12568.000000
-12736.000000
-12632.000000
-12608.000000
-12496.000000
-12456.000000
-12420.000000
-12540.000000
-12624.000000
-12664.000000
-12520.000000
-12504.000000
-12492.000000
-12544.000000
-12556.000000
-12600.000000
-12604.000000
-12556.000000
-12444.000000
-12460.000000
-12468.000000
-12384.000000
-12508.000000
-12416.000000
-12376.000000
-12256.000000
-12380.000000
-12544.000000
-12384.000000
-12552.000000
-12176.000000
-12344.000000
-12348.000000
-12504.000000
-12392.000000
-12516.000000
-12436.000000
-12440.000000
-12576.000000
-12624.000000
-12524.000000
-12540.000000
-12536.000000
-12724.000000
-12632.000000
-12520.000000
-12384.000000
-12496.000000
-12176.000000
-12440.000000
-12624.000000
-12376.000000
-12496.000000
-12652.000000
-12552.000000
-12444.000000
-12536.000000
-12376.000000
-12488.000000
-12596.000000
-12528.000000
-12608.000000
-12424.000000
-12512.000000
-12572.000000
-12588.000000
-12344.000000
-12356.000000
-12480.000000
-12572.000000
-12540.000000
-12488.000000
-12548.000000
-12608.000000
-12376.000000
-12436.000000
-12588.000000
-12492.000000
-12612.000000
-12604.000000
-12536.000000
-12592.000000
-12384.000000
-12468.000000
-12380.000000
-12556.000000
-12520.000000
-12400.000000
-12448.000000
-12576.000000
-12524.000000
-12424.000000
-12412.000000
-12344.000000
-12520.000000
-12492.000000
-12360.000000
-12532.000000
-12584.000000
-12456.000000
-12628.000000
-12616.000000
-12496.000000
-12516.000000
-12516.000000
-12496.000000
-12376.000000
-12488.000000
-12312.000000
-12428.000000
-12492.000000
-12516.000000
-12484.000000
-12520.000000
-12508.000000
-12556.000000
-12508.000000
-12592.000000
-12516.000000
-12528.000000
-12588.000000
-12588.000000
-12456.000000
-12548.000000
-12408.000000
-12532.000000
-12552.000000
-12556.000000
-12572.000000
-12600.000000
-12452.000000
-12352.000000
-12408.000000
-12416.000000
-12544.000000
-12580.000000
-12508.000000
-12408.000000
-12644.000000
-12672.000000
-12564.000000
-12416.000000
-12348.000000
-12440.000000
-12544.000000
-12656.000000
-12556.000000
-12420.000000
-12384.000000
-12652.000000
-12460.000000
-12484.000000
-12460.000000
-12560.000000
-12488.000000
-12404.000000
-12472.000000
-12540.000000
-12440.000000
-12524.000000
-12544.000000
-12384.000000
-12544.000000
-12768.000000
-12548.000000
-12380.000000
-12500.000000
-12416.000000
-12300.000000
-12532.000000
-12540.000000
-12508.000000
-12456.000000
-12548.000000
-12440.000000
-12516.000000
-12508.000000
-12448.000000
-12380.000000
-12392.000000
-12568.000000
-12496.000000
-12424.000000
-12408.000000
-12520.000000
-12496.000000
-12496.000000
-12580.000000
-12548.000000
-12512.000000
-12360.000000
-12172.000000
-12484.000000
-12396.000000
-12256.000000
-12468.000000
-12348.000000
-12532.000000
-12444.000000
-12424.000000
-12464.000000
-12384.000000
-12476.000000
-12552.000000
-12464.000000
-12364.000000
-12520.000000
-12528.000000
-12532.000000
-12408.000000
-12468.000000
-12464.000000
-12340.000000
-12400.000000
-12396.000000
-12548.000000
-12544.000000
-12472.000000
-12392.000000
-12596.000000
-12384.000000
-12488.000000
-12556.000000
-12572.000000
-12592.000000
-12476.000000
-12536.000000
-12600.000000
-12572.000000
-12616.000000
-12588.000000
-12592.000000
-12580.000000
-12556.000000
-12468.000000
-12420.000000
-12400.000000
-12504.000000
-12500.000000
-12476.000000
-12552.000000
-12576.000000
-12528.000000
-12476.000000
-12316.000000
-12472.000000
-12660.000000
-12488.000000
-12456.000000
-12448.000000
-12524.000000
-12544.000000
-12432.000000
-12596.000000
-12556.000000
-12472.000000
-12692.000000
-12688.000000
-12628.000000
-12464.000000
-12436.000000
-12504.000000
-12452.000000
-12504.000000
-12560.000000
-12516.000000
-12604.000000
-12560.000000
-12468.000000
-12412.000000
-12524.000000
-12624.000000
-12532.000000
-12564.000000
-12468.000000
-12420.000000
-12540.000000
-12520.000000
-12688.000000
-12536.000000
-12588.000000
-12288.000000
-12244.000000
-12420.000000
-12532.000000
-12388.000000
-12280.000000
-12540.000000
-12464.000000
-12552.000000
-12512.000000
-12588.000000
-12464.000000
-12532.000000
-12468.000000
-12464.000000
-12484.000000
-12540.000000
-12496.000000
-12432.000000
-12416.000000
-12404.000000
